0.095506	5.29553
0.191012	10.3925
0.286518	15.0631
0.382024	19.3767
0.47753	23.2306
0.573036	26.4407
0.668542	29.1266
0.764048	31.4561
0.859554	33.5139
0.95506	35.3903
1.050566	37.1114
1.146072	38.7256
1.241578	40.2524
1.337084	41.7047
1.43259	43.0637
1.528096	44.3932
1.623602	45.6283
1.719108	46.8393
1.814614	47.9617
1.91012	49.0841
2.005626	50.2065
2.101132	51.2619
2.196621	52.2796
2.292127	53.2973
2.387633	54.3093
2.483139	55.2557
2.578645	56.2021
2.674151	57.1486
2.769657	58.0693
2.865163	58.9664
2.960669	59.8635
3.056175	60.7606
3.151681	61.6258
3.247187	62.4897
3.342693	63.3536
3.438199	64.2025
3.533705	65.0288
3.629211	65.8551
3.724717	66.6814
3.820223	67.5078
3.915729	68.3341
4.011235	69.1604
4.106741	69.9867
4.202247	70.813
4.297753	71.6235
4.393259	72.4183
4.488765	73.213
4.584271	74.0077
4.679777	74.8025
4.775283	75.5972
4.870789	76.3919
4.966295	77.1866
5.061801	77.9814
5.157307	78.7632
5.252813	79.5364
5.348319	80.3097
5.443825	81.0829
5.539331	81.8561
5.634837	82.6294
5.730343	83.4026
5.825849	84.1758
5.921355	84.9491
6.016861	85.7143
6.112367	86.4761
6.207873	87.238
6.303379	87.9998
6.398868	88.7616
6.494374	89.5234
6.58988	90.2853
6.685386	91.0471
6.780892	91.8089
6.876398	92.5679
6.971904	93.3262
7.06741	94.0844
7.162916	94.8427
7.258422	95.601
7.353928	96.3593
7.449434	97.1176
7.54494	97.8758
7.640446	98.6341
7.735952	99.3935
7.831458	100.153
7.926964	100.912
8.02247	101.672
8.117976	102.431
8.213482	103.191
8.308988	103.95
8.404494	104.71
8.5	105.469
8.595506	106.234
8.691012	106.999
8.786518	107.764
8.882024	108.528
8.97753	109.293
9.073036	110.058
9.168542	110.823
9.264048	111.587
9.359554	112.352
9.45506	113.117
9.550566	113.882
9.646072	114.646
9.741578	115.411
9.837084	116.176
9.93259	116.94
10.028096	117.705
10.123602	118.47
10.219108	119.237
10.314614	120.013
10.41012	120.79
10.505626	121.566
10.601132	122.342
10.696621	123.119
10.792127	123.895
10.887633	124.671
10.983139	125.448
11.078645	126.224
11.174151	127
11.269657	127.777
11.365163	128.553
11.460669	129.329
11.556175	130.106
11.651681	130.882
11.747187	131.658
11.842693	132.435
11.938199	133.216
12.033705	134.004
12.129211	134.793
12.224717	135.582
12.320223	136.371
12.415729	137.159
12.511235	137.948
12.606741	138.737
12.702247	139.525
12.797753	140.314
12.893259	141.103
12.988765	141.891
13.084271	142.68
13.179777	143.469
13.275283	144.257
13.370789	145.046
13.466295	145.835
13.561801	146.623
13.657307	147.423
13.752813	148.231
13.848319	149.038
13.943825	149.846
14.039331	150.653
14.134837	151.461
14.230343	152.268
14.325849	153.076
14.421355	153.884
14.516861	154.691
14.612367	155.499
14.707873	156.306
14.803379	157.114
14.898868	157.921
14.994374	158.729
15.08988	159.536
15.185386	160.344
15.280892	161.151
15.376398	161.979
15.471904	162.812
15.56741	163.645
15.662916	164.478
15.758422	165.311
15.853928	166.144
15.949434	166.977
16.04494	167.809
16.140446	168.642
16.235952	169.475
16.331458	170.308
16.426964	171.141
16.52247	171.974
16.617976	172.807
16.713482	173.64
16.808988	174.473
16.904494	175.306
17	176.138
17.095506	177.019
17.191012	177.9
17.286518	178.781
17.382024	179.662
17.47753	180.543
17.573036	181.424
17.668542	182.305
17.764048	183.186
17.859554	184.067
17.95506	184.948
18.050566	185.829
18.146072	186.71
18.241578	187.591
18.337084	188.472
18.43259	189.353
18.528096	190.234
18.623602	191.115
18.719108	191.996
18.814614	192.877
18.91012	193.758
19.005626	194.639
19.101132	195.52
19.196621	196.401
19.292127	197.282
19.387633	198.163
19.483139	199.044
19.578645	199.925
19.674151	200.806
19.769657	201.687
19.865163	202.568
19.960669	203.449
20.056175	204.33
20.151681	205.211
20.247187	206.092
20.342693	206.973
20.438199	207.854
20.533705	208.735
20.629211	209.616
20.724717	210.497
20.820223	211.377
20.915729	212.258
21.011235	213.139
21.106741	214.02
21.202247	214.901
21.297753	215.819
21.393259	216.773
21.488765	217.727
21.584271	218.681
21.679777	219.635
21.775283	220.589
21.870789	221.543
21.966295	222.497
22.061801	223.451
22.157307	224.405
22.252813	225.359
22.348319	226.313
22.443825	227.267
22.539331	228.221
22.634837	229.174
22.730343	230.128
22.825849	231.082
22.921355	232.036
23.016861	232.99
23.112367	233.944
23.207873	234.898
23.303379	235.852
23.398868	236.806
23.494374	237.76
23.58988	238.714
23.685386	239.668
23.780892	240.622
23.876398	241.576
23.971904	242.53
24.06741	243.484
24.162916	244.438
24.258422	245.392
24.353928	246.346
24.449434	247.3
24.54494	248.254
24.640446	249.208
24.735952	250.162
24.831458	251.116
24.926964	252.07
25.02247	253.024
25.117976	253.978
25.213482	254.932
25.308988	255.886
25.404494	256.84
25.5	257.794
25.595506	258.822
25.691012	259.851
25.786518	260.88
25.882024	261.908
25.97753	262.937
26.073036	263.966
26.168542	264.994
26.264048	266.023
26.359554	267.052
26.45506	268.08
26.550566	269.109
26.646072	270.138
26.741578	271.166
26.837084	272.195
26.93259	273.224
27.028096	274.252
27.123602	275.281
27.219108	276.31
27.314614	277.339
27.41012	278.367
27.505626	279.396
27.601132	280.425
27.696621	281.453
27.792127	282.482
27.887633	283.511
27.983139	284.539
28.078645	285.568
28.174151	286.597
28.269657	287.625
28.365163	288.654
28.460669	289.683
28.556175	290.711
28.651681	291.74
28.747187	292.769
28.842693	293.797
28.938199	294.826
29.033705	295.855
29.129211	296.883
29.224717	297.912
29.320223	298.941
29.415729	299.969
29.511235	300.998
29.606741	302.027
29.702247	303.055
29.797753	304.122
29.893259	305.226
29.988765	306.329
30.084271	307.433
30.179777	308.537
30.275283	309.641
30.370789	310.745
30.466295	311.849
30.561801	312.953
30.657307	314.057
30.752813	315.16
30.848319	316.264
30.943825	317.368
31.039331	318.472
31.134837	319.576
31.230343	320.68
31.325849	321.784
31.421355	322.888
31.516861	323.992
31.612367	325.095
31.707873	326.199
31.803379	327.303
31.898868	328.407
31.994374	329.511
32.08988	330.615
32.185386	331.719
32.280892	332.823
32.376398	333.926
32.471904	335.03
32.56741	336.134
32.662916	337.238
32.758422	338.342
32.853928	339.446
32.949434	340.55
33.04494	341.654
33.140446	342.758
33.235952	343.861
33.331458	344.965
33.426964	346.069
33.52247	347.173
33.617976	348.277
33.713482	349.381
33.808988	350.485
33.904494	351.589
34	352.693
34.095506	353.871
34.191012	355.05
34.286518	356.229
34.382024	357.408
34.47753	358.587
34.573036	359.766
34.668542	360.945
34.764048	362.124
34.859554	363.303
34.95506	364.482
35.050566	365.661
35.146072	366.84
35.241578	368.019
35.337084	369.197
35.43259	370.376
35.528096	371.555
35.623602	372.734
35.719108	373.913
35.814614	375.092
35.91012	376.271
36.005626	377.45
36.101132	378.629
36.196621	379.808
36.292127	380.987
36.387633	382.166
36.483139	383.344
36.578645	384.523
36.674151	385.702
36.769657	386.881
36.865163	388.06
36.960669	389.239
37.056175	390.418
37.151681	391.597
37.247187	392.776
37.342693	393.955
37.438199	395.134
37.533705	396.313
37.629211	397.492
37.724717	398.67
37.820223	399.849
37.915729	401.028
38.011235	402.207
38.106741	403.386
38.202247	404.565
38.297753	405.782
38.393259	407.036
38.488765	408.29
38.584271	409.544
38.679777	410.798
38.775283	412.052
38.870789	413.306
38.966295	414.56
39.061801	415.814
39.157307	417.068
39.252813	418.322
39.348319	419.576
39.443825	420.83
39.539331	422.084
39.634837	423.338
39.730343	424.592
39.825849	425.846
39.921355	427.1
40.016861	428.354
40.112367	429.608
40.207873	430.862
40.303379	432.116
40.398868	433.371
40.494374	434.625
40.58988	435.879
40.685386	437.133
40.780892	438.387
40.876398	439.641
40.971904	440.895
41.06741	442.149
41.162916	443.403
41.258422	444.657
41.353928	445.911
41.449434	447.165
41.54494	448.419
41.640446	449.673
41.735952	450.927
41.831458	452.181
41.926964	453.435
42.02247	454.689
42.117976	455.943
42.213482	457.197
42.308988	458.451
42.404494	459.705
42.5	460.959
42.595506	462.339
42.691012	463.718
42.786518	465.097
42.882024	466.476
42.97753	467.855
43.073036	469.234
43.168542	470.613
43.264048	471.993
43.359554	473.372
43.45506	474.751
43.550566	476.13
43.646072	477.509
43.741578	478.888
43.837084	480.267
43.93259	481.647
44.028096	483.026
44.123602	484.405
44.219108	485.784
44.314614	487.163
44.41012	488.542
44.505626	489.921
44.601132	491.3
44.696621	492.68
44.792127	494.059
44.887633	495.438
44.983139	496.817
45.078645	498.196
45.174151	499.575
45.269657	500.954
45.365163	502.334
45.460669	503.713
45.556175	505.092
45.651681	506.471
45.747187	507.85
45.842693	509.229
45.938199	510.608
46.033705	511.988
46.129211	513.367
46.224717	514.746
46.320223	516.125
46.415729	517.504
46.511235	518.883
46.606741	520.262
46.702247	521.642
46.797753	523.021
46.893259	524.4
46.988765	525.779
47.084271	527.158
47.179777	528.537
47.275283	529.916
47.370789	531.296
47.466295	532.675
47.561801	534.054
47.657307	535.433
47.752813	536.812
47.848319	538.191
47.943825	539.57
48.039331	540.949
48.134837	542.329
48.230343	543.708
48.325849	545.087
48.421355	546.466
48.516861	547.845
48.612367	549.224
48.707873	550.603
48.803379	551.983
48.898868	553.362
48.994374	554.741
49.08988	556.12
49.185386	557.499
49.280892	558.878
49.376398	560.257
49.471904	561.637
49.56741	563.016
49.662916	564.395
49.758422	565.774
49.853928	567.153
49.949434	568.532
50.04494	569.911
50.140446	571.291
50.235952	572.67
50.331458	574.049
50.426964	575.428
50.52247	576.807
50.617976	578.186
50.713482	579.565
50.808988	580.944
50.904494	582.324
