0.037452	9.59338
0.074908	14.7838
0.11236	18.7811
0.149812	22.1092
0.187264	24.966
0.22472	27.5015
0.262172	29.7988
0.299624	31.9676
0.33708	34.0281
0.374532	36.0108
0.411984	37.932
0.44944	39.8097
0.486892	41.679
0.524344	43.5107
0.561796	45.3416
0.599252	47.157
0.636704	48.9725
0.674156	50.7903
0.711612	52.6084
0.749064	54.4383
0.786516	56.2717
0.823972	58.136
0.861424	60.0178
0.898876	61.8995
0.936328	63.7813
0.973784	65.6631
1.011236	67.5734
1.048688	69.5504
1.086144	71.5273
1.123596	73.5043
1.161048	75.4813
1.1985	77.4582
1.235956	79.5462
1.273408	81.6387
1.31086	83.7313
1.348316	85.8238
1.385768	87.9164
1.42322	90.0884
1.460676	92.3092
1.498128	94.5299
1.53558	96.7507
1.573032	98.9714
1.610488	101.23
1.64794	103.588
1.685392	105.945
1.722848	108.302
1.7603	110.659
1.797752	113.017
1.835204	115.507
1.87266	118.006
1.910112	120.506
1.947564	123.005
1.98502	125.504
2.022472	128.135
2.059924	130.854
2.09738	133.573
2.134832	136.292
2.172284	139.011
2.209736	141.73
2.247192	144.449
2.284644	147.168
2.322096	149.886
2.359552	152.605
2.397004	155.324
2.434456	158.318
2.471912	161.336
2.509364	164.354
2.546816	167.372
2.584268	170.389
2.621724	173.407
2.659176	176.425
2.696628	179.443
2.734084	182.461
2.771536	185.479
2.808988	188.569
2.84644	191.888
2.883896	195.207
2.921348	198.527
2.9588	201.846
2.996256	205.165
3.033708	208.485
3.07116	211.804
3.108616	215.123
3.146068	218.443
3.18352	221.762
3.220972	225.25
3.258428	228.871
3.29588	232.491
3.333332	236.112
3.370788	239.733
3.40824	243.353
3.445692	246.974
3.483148	250.595
3.5206	254.215
3.558052	257.836
3.595504	261.456
3.63296	265.341
3.670412	269.261
3.707864	273.181
3.74532	277.102
3.782772	281.022
3.820224	284.942
3.857676	288.863
3.895132	292.783
3.932584	296.703
3.970036	300.624
4.007492	304.648
4.044944	309.086
4.082396	313.525
4.119852	317.963
4.157304	322.402
4.194756	326.841
4.232208	331.279
4.269664	335.718
4.307116	340.157
4.344568	344.595
4.382024	349.034
4.419476	353.473
4.456928	357.911
4.494384	362.35
4.531836	366.788
4.569288	371.227
4.60674	375.666
4.644196	380.104
4.681648	384.543
4.7191	388.982
4.756556	393.42
4.794008	397.859
4.83146	402.298
4.868912	406.736
4.906368	411.175
4.94382	415.613
4.981272	420.052
5.018728	424.855
5.05618	430.022
5.093632	435.189
5.131088	440.357
5.16854	445.524
5.205992	450.691
5.243444	455.858
5.2809	461.026
5.318352	466.193
5.355804	471.36
5.39326	476.527
5.430712	481.695
5.468164	486.862
5.505616	492.029
5.543072	497.196
5.580524	502.364
5.617976	507.531
5.655432	512.698
5.692884	517.865
5.730336	523.033
5.767792	528.2
5.805244	533.367
5.842696	538.534
5.880148	543.702
5.917604	548.869
5.955056	554.036
5.992508	559.203
6.029964	564.943
6.067416	570.826
6.104868	576.709
6.142324	582.592
6.179776	588.475
6.217228	594.358
6.25468	600.241
6.292136	606.124
6.329588	612.007
6.36704	617.89
6.404496	623.773
6.441948	629.655
6.4794	635.538
6.516852	641.421
6.554308	647.304
6.59176	653.187
6.629212	659.07
6.666668	664.953
6.70412	670.836
6.741572	676.719
6.779028	682.602
6.81648	688.485
6.853932	694.368
6.891384	700.251
6.92884	706.134
6.966292	712.017
7.003744	717.97
7.0412	724.558
7.078652	731.147
7.116104	737.735
7.15356	744.323
7.191012	750.911
7.228464	757.5
7.265916	764.088
7.303372	770.676
7.340824	777.265
7.378276	783.853
7.415732	790.441
7.453184	797.029
7.490636	803.618
7.528088	810.206
7.565544	816.794
7.602996	823.383
7.640448	829.971
7.677904	836.559
7.715356	843.147
7.752808	849.736
7.790264	856.324
7.827716	862.912
7.865168	869.501
7.90262	876.089
7.940076	882.677
7.977528	889.265
8.01498	896.133
8.052436	903.418
8.089888	910.703
8.12734	917.988
8.164796	925.274
8.202248	932.559
8.2397	939.844
8.277152	947.129
8.314608	954.415
8.35206	961.7
8.389512	968.985
8.426968	976.27
8.46442	983.556
8.501872	990.841
8.539324	998.126
8.57678	1005.41
8.614232	1012.7
8.651684	1019.98
8.68914	1027.27
8.726592	1034.55
8.764044	1041.84
8.8015	1049.12
8.838952	1056.41
8.876404	1063.69
8.913856	1070.98
8.951312	1078.26
8.988764	1085.55
9.026216	1093.33
9.063672	1101.31
9.101124	1109.3
9.138576	1117.29
9.176028	1125.28
9.213484	1133.27
9.250936	1141.25
9.288388	1149.24
9.325844	1157.23
9.363296	1165.22
9.400748	1173.21
9.438204	1181.19
9.475656	1189.18
9.513108	1197.17
9.55056	1205.16
9.588016	1213.15
9.625468	1221.13
9.66292	1229.12
9.700376	1237.11
9.737828	1245.1
9.77528	1253.09
9.812736	1261.07
9.850188	1269.06
9.88764	1277.05
9.925092	1285.04
9.962548	1293.03
10	1301.01
10.037452	1310.38
10.074908	1319.75
10.11236	1329.12
10.149812	1338.49
10.187264	1347.86
10.22472	1357.22
10.262172	1366.59
10.299624	1375.96
10.33708	1385.33
10.374532	1394.7
10.411984	1404.07
10.44944	1413.43
10.486892	1422.8
10.524344	1432.17
10.561796	1441.54
10.599252	1450.91
10.636704	1460.28
10.674156	1469.64
10.711612	1479.01
10.749064	1488.38
10.786516	1497.75
10.823972	1507.12
10.861424	1516.49
10.898876	1525.85
10.936328	1535.22
10.973784	1544.59
11.011236	1553.96
11.048688	1563.33
11.086144	1572.7
11.123596	1582.07
11.161048	1591.43
11.1985	1600.8
11.235956	1610.17
11.273408	1619.54
11.31086	1628.91
11.348316	1638.28
11.385768	1647.64
11.42322	1657.01
11.460676	1666.38
11.498128	1675.75
11.53558	1685.12
11.573032	1694.49
11.610488	1703.85
11.64794	1713.22
11.685392	1722.59
11.722848	1731.96
11.7603	1741.33
11.797752	1750.7
11.835204	1760.06
11.87266	1769.43
11.910112	1778.8
11.947564	1788.17
11.98502	1797.54
12.022472	1807.69
12.059924	1818.37
12.09738	1829.05
12.134832	1839.74
12.172284	1850.42
12.209736	1861.1
12.247192	1871.78
12.284644	1882.46
12.322096	1893.14
12.359552	1903.82
12.397004	1914.5
12.434456	1925.18
12.471912	1935.86
12.509364	1946.55
12.546816	1957.23
12.584268	1967.91
12.621724	1978.59
12.659176	1989.27
12.696628	1999.95
12.734084	2010.63
12.771536	2021.31
12.808988	2031.99
12.84644	2042.67
12.883896	2053.36
12.921348	2064.04
12.9588	2074.72
12.996256	2085.4
13.033708	2096.08
13.07116	2106.76
13.108616	2117.44
13.146068	2128.12
13.18352	2138.8
13.220972	2149.48
13.258428	2160.16
13.29588	2170.85
13.333332	2181.53
13.370788	2192.21
13.40824	2202.89
13.445692	2213.57
13.483148	2224.25
13.5206	2234.93
13.558052	2245.61
13.595504	2256.29
13.63296	2266.97
13.670412	2277.66
13.707864	2288.34
13.74532	2299.02
13.782772	2309.7
13.820224	2320.38
13.857676	2331.06
13.895132	2341.74
13.932584	2352.42
13.970036	2363.1
14.007492	2374.04
14.044944	2386.01
14.082396	2397.98
14.119852	2409.94
14.157304	2421.91
14.194756	2433.88
14.232208	2445.85
14.269664	2457.81
14.307116	2469.78
14.344568	2481.75
14.382024	2493.72
14.419476	2505.68
14.456928	2517.65
14.494384	2529.62
14.531836	2541.58
14.569288	2553.55
14.60674	2565.52
14.644196	2577.49
14.681648	2589.45
14.7191	2601.42
14.756556	2613.39
14.794008	2625.36
14.83146	2637.32
14.868912	2649.29
14.906368	2661.26
14.94382	2673.23
14.981272	2685.19
15.018728	2697.16
15.05618	2709.13
15.093632	2721.1
15.131088	2733.06
15.16854	2745.03
15.205992	2757
15.243444	2768.97
15.2809	2780.93
15.318352	2792.9
15.355804	2804.87
15.39326	2816.83
15.430712	2828.8
15.468164	2840.77
15.505616	2852.74
15.543072	2864.7
15.580524	2876.67
15.617976	2888.64
15.655432	2900.61
15.692884	2912.57
15.730336	2924.54
15.767792	2936.51
15.805244	2948.48
15.842696	2960.44
15.880148	2972.41
15.917604	2984.38
15.955056	2996.35
15.992508	3008.31
16.029964	3021.29
16.067416	3034.52
16.104868	3047.75
16.142324	3060.99
16.179776	3074.22
16.217228	3087.45
16.25468	3100.68
16.292136	3113.91
16.329588	3127.14
16.36704	3140.38
16.404496	3153.61
16.441948	3166.84
16.4794	3180.07
16.516852	3193.3
16.554308	3206.53
16.59176	3219.77
16.629212	3233
16.666668	3246.23
16.70412	3259.46
16.741572	3272.69
16.779028	3285.92
16.81648	3299.15
16.853932	3312.39
16.891384	3325.62
16.92884	3338.85
16.966292	3352.08
17.003744	3365.31
17.0412	3378.54
17.078652	3391.78
17.116104	3405.01
17.15356	3418.24
17.191012	3431.47
17.228464	3444.7
17.265916	3457.93
17.303372	3471.17
17.340824	3484.4
17.378276	3497.63
17.415732	3510.86
17.453184	3524.09
17.490636	3537.32
17.528088	3550.55
17.565544	3563.79
17.602996	3577.02
17.640448	3590.25
17.677904	3603.48
17.715356	3616.71
17.752808	3629.94
17.790264	3643.18
17.827716	3656.41
17.865168	3669.64
17.90262	3682.87
17.940076	3696.1
17.977528	3709.33
18.01498	3723.06
18.052436	3737.54
18.089888	3752.02
18.12734	3766.49
18.164796	3780.97
18.202248	3795.45
18.2397	3809.92
18.277152	3824.4
18.314608	3838.87
18.35206	3853.35
18.389512	3867.83
18.426968	3882.3
18.46442	3896.78
18.501872	3911.26
18.539324	3925.73
18.57678	3940.21
18.614232	3954.69
18.651684	3969.16
18.68914	3983.64
18.726592	3998.11
18.764044	4012.59
18.8015	4027.07
18.838952	4041.54
18.876404	4056.02
18.913856	4070.5
18.951312	4084.97
18.988764	4099.45
19.026216	4113.93
19.063672	4128.4
19.101124	4142.88
19.138576	4157.36
19.176028	4171.83
19.213484	4186.31
19.250936	4200.78
19.288388	4215.26
19.325844	4229.74
19.363296	4244.21
19.400748	4258.69
19.438204	4273.17
19.475656	4287.64
19.513108	4302.12
19.55056	4316.6
19.588016	4331.07
19.625468	4345.55
19.66292	4360.02
19.700376	4374.5
19.737828	4388.98
19.77528	4403.45
19.812736	4417.93
19.850188	4432.41
19.88764	4446.88
19.925092	4461.36
19.962548	4475.84
