0.119856	6.5229
0.239696	12.1683
0.359552	17.0688
0.479408	21.3117
0.599248	24.5207
0.719104	27.2158
0.838944	29.6
0.9588	31.829
1.078656	33.8934
1.198496	35.8634
1.318352	37.744
1.438208	39.5385
1.558048	41.2194
1.677904	42.8139
1.79776	44.3627
1.9176	45.9116
2.037456	47.3377
2.157296	48.7614
2.277152	50.1582
2.397008	51.4953
2.516848	52.8324
2.636704	54.1302
2.75656	55.4057
2.8764	56.6813
2.996256	57.9135
3.116112	59.1443
3.235952	60.36
3.355808	61.5403
3.475648	62.7205
3.595504	63.9008
3.71536	65.0811
3.8352	66.2613
3.955056	67.4416
4.074912	68.5928
4.194752	69.7267
4.314608	70.8605
4.434464	71.9943
4.554304	73.1281
4.67416	74.2619
4.794	75.3957
4.913856	76.5071
5.033712	77.6172
5.153552	78.7273
5.273408	79.8374
5.393264	80.9475
5.513104	82.0577
5.63296	83.1656
5.752816	84.2676
5.872656	85.3697
5.992512	86.4717
6.112352	87.5738
6.232208	88.6759
6.352064	89.7779
6.471904	90.8797
6.59176	91.9813
6.711616	93.0829
6.831456	94.1846
6.951312	95.2862
7.071168	96.3878
7.191008	97.4894
7.310864	98.5936
7.430704	99.6981
7.55056	100.803
7.670416	101.907
7.790256	103.011
7.910112	104.116
8.029968	105.223
8.149808	106.34
8.269664	107.457
8.38952	108.574
8.50936	109.69
8.629216	110.807
8.749056	111.924
8.868912	113.041
8.988768	114.157
9.108608	115.274
9.228464	116.391
9.34832	117.507
9.46816	118.624
9.588016	119.741
9.707872	120.878
9.827712	122.018
9.947568	123.157
10.067408	124.296
10.187264	125.436
10.30712	126.575
10.42696	127.715
10.546816	128.854
10.666672	129.994
10.786512	131.133
10.906368	132.272
11.026224	133.412
11.146064	134.551
11.26592	135.707
11.38576	136.876
11.505616	138.044
11.625472	139.213
11.745312	140.382
11.865168	141.55
11.985024	142.719
12.104864	143.888
12.22472	145.057
12.344576	146.225
12.464416	147.394
12.584272	148.563
12.704112	149.732
12.823968	150.907
12.943824	152.109
13.063664	153.311
13.18352	154.513
13.303376	155.715
13.423216	156.917
13.543072	158.119
13.662928	159.321
13.782768	160.523
13.902624	161.724
14.022464	162.926
14.14232	164.128
14.262176	165.33
14.382016	166.532
14.501872	167.766
14.621728	169.005
14.741568	170.243
14.861424	171.482
14.98128	172.721
15.10112	173.96
15.220976	175.199
15.340816	176.438
15.460672	177.677
15.580528	178.916
15.700368	180.155
15.820224	181.393
15.94008	182.632
16.05992	183.907
16.179776	185.216
16.299632	186.525
16.419472	187.835
16.539328	189.144
16.659184	190.454
16.779024	191.763
16.89888	193.073
17.01872	194.382
17.138576	195.692
17.258432	197.001
17.378272	198.31
17.498128	199.62
17.617984	200.929
17.737824	202.239
17.85768	203.548
17.977536	204.858
18.097376	206.167
18.217232	207.477
18.337072	208.786
18.456928	210.095
18.576784	211.405
18.696624	212.714
18.81648	214.024
18.936336	215.333
19.056176	216.643
19.176032	217.952
19.295888	219.262
19.415728	220.571
19.535584	221.88
19.655424	223.19
19.77528	224.499
19.895136	225.809
20.014976	227.132
20.134832	228.549
20.254688	229.965
20.374528	231.382
20.494384	232.799
20.61424	234.216
20.73408	235.633
20.853936	237.05
20.973776	238.467
21.093632	239.883
21.213488	241.3
21.333328	242.717
21.453184	244.134
21.57304	245.551
21.69288	246.968
21.812736	248.384
21.932592	249.801
22.052432	251.218
22.172288	252.635
22.292128	254.052
22.411984	255.469
22.53184	256.886
22.65168	258.302
22.771536	259.719
22.891392	261.136
23.011232	262.553
23.131088	263.97
23.250944	265.387
23.370784	266.804
23.49064	268.22
23.61048	269.637
23.730336	271.054
23.850192	272.471
23.970032	273.888
24.089888	275.389
24.209744	276.918
24.329584	278.447
24.44944	279.976
24.569296	281.505
24.689136	283.034
24.808992	284.562
24.928832	286.091
25.048688	287.62
25.168544	289.149
25.288384	290.678
25.40824	292.207
25.528096	293.736
25.647936	295.265
25.767792	296.794
25.887648	298.323
26.007488	299.852
26.127344	301.381
26.247184	302.91
26.36704	304.439
26.486896	305.968
26.606736	307.497
26.726592	309.026
26.846448	310.555
26.966288	312.084
27.086144	313.613
27.206	315.142
27.32584	316.671
27.445696	318.199
27.565536	319.728
27.685392	321.257
27.805248	322.786
27.925088	324.315
28.044944	325.888
28.1648	327.534
28.28464	329.18
28.404496	330.826
28.524352	332.472
28.644192	334.118
28.764048	335.764
28.883888	337.41
29.003744	339.056
29.1236	340.702
29.24344	342.348
29.363296	343.994
29.483152	345.64
29.602992	347.286
29.722848	348.932
29.842704	350.578
29.962544	352.224
30.0824	353.87
30.20224	355.516
30.322096	357.162
30.441952	358.808
30.561792	360.454
30.681648	362.1
30.801504	363.746
30.921344	365.392
31.0412	367.038
31.161056	368.684
31.280896	370.33
31.400752	371.976
31.520592	373.622
31.640448	375.268
31.760304	376.914
31.880144	378.56
32	380.206
32.119856	381.973
32.239696	383.74
32.359552	385.507
32.479408	387.274
32.599248	389.041
32.719104	390.808
32.838944	392.574
32.9588	394.341
33.078656	396.108
33.198496	397.875
33.318352	399.642
33.438208	401.409
33.558048	403.176
33.677904	404.943
33.79776	406.71
33.9176	408.477
34.037456	410.244
34.157296	412.011
34.277152	413.778
34.397008	415.545
34.516848	417.312
34.636704	419.079
34.75656	420.846
34.8764	422.613
34.996256	424.38
35.116112	426.146
35.235952	427.913
35.355808	429.68
35.475648	431.447
35.595504	433.214
35.71536	434.981
35.8352	436.748
35.955056	438.515
36.074912	440.359
36.194752	442.248
36.314608	444.138
36.434464	446.027
36.554304	447.917
36.67416	449.807
36.794	451.696
36.913856	453.586
37.033712	455.475
37.153552	457.365
37.273408	459.254
37.393264	461.144
37.513104	463.034
37.63296	464.923
37.752816	466.813
37.872656	468.702
37.992512	470.592
38.112352	472.481
38.232208	474.371
38.352064	476.261
38.471904	478.15
38.59176	480.04
38.711616	481.929
38.831456	483.819
38.951312	485.709
39.071168	487.598
39.191008	489.488
39.310864	491.377
39.430704	493.267
39.55056	495.156
39.670416	497.046
39.790256	498.936
39.910112	500.825
40.029968	502.773
40.149808	504.898
40.269664	507.023
40.38952	509.147
40.50936	511.272
40.629216	513.397
40.749056	515.521
40.868912	517.646
40.988768	519.771
41.108608	521.895
41.228464	524.02
41.34832	526.145
41.46816	528.269
41.588016	530.394
41.707872	532.519
41.827712	534.643
41.947568	536.768
42.067408	538.893
42.187264	541.017
42.30712	543.142
42.42696	545.267
42.546816	547.391
42.666672	549.516
42.786512	551.641
42.906368	553.765
43.026224	555.89
43.146064	558.015
43.26592	560.139
43.38576	562.264
43.505616	564.389
43.625472	566.513
43.745312	568.638
43.865168	570.763
43.985024	572.887
44.104864	575.012
44.22472	577.136
44.344576	579.261
44.464416	581.386
44.584272	583.51
44.704112	585.635
44.823968	587.76
44.943824	589.884
45.063664	592.009
45.18352	594.134
45.303376	596.258
45.423216	598.383
45.543072	600.508
45.662928	602.632
45.782768	604.757
45.902624	606.882
46.022464	609.006
46.14232	611.131
46.262176	613.256
46.382016	615.38
46.501872	617.505
46.621728	619.63
46.741568	621.754
46.861424	623.879
46.98128	626.004
47.10112	628.128
47.220976	630.253
47.340816	632.378
47.460672	634.502
47.580528	636.627
47.700368	638.752
47.820224	640.876
47.94008	643.001
48.05992	645.246
48.179776	647.61
48.299632	649.975
48.419472	652.34
48.539328	654.705
48.659184	657.07
48.779024	659.434
48.89888	661.799
49.01872	664.164
49.138576	666.529
49.258432	668.894
49.378272	671.258
49.498128	673.623
49.617984	675.988
49.737824	678.353
49.85768	680.718
49.977536	683.082
50.097376	685.447
50.217232	687.812
50.337072	690.177
50.456928	692.541
50.576784	694.906
50.696624	697.271
50.81648	699.636
50.936336	702.001
51.056176	704.365
51.176032	706.73
51.295888	709.095
51.415728	711.46
51.535584	713.825
51.655424	716.189
51.77528	718.554
51.895136	720.919
52.014976	723.284
52.134832	725.649
52.254688	728.013
52.374528	730.378
52.494384	732.743
52.61424	735.108
52.73408	737.473
52.853936	739.837
52.973776	742.202
53.093632	744.567
53.213488	746.932
53.333328	749.297
53.453184	751.661
53.57304	754.026
53.69288	756.391
53.812736	758.756
53.932592	761.121
54.052432	763.485
54.172288	765.85
54.292128	768.215
54.411984	770.58
54.53184	772.944
54.65168	775.309
54.771536	777.674
54.891392	780.039
55.011232	782.404
55.131088	784.768
55.250944	787.133
55.370784	789.498
55.49064	791.863
55.61048	794.228
55.730336	796.592
55.850192	798.957
55.970032	801.322
56.089888	803.866
56.209744	806.469
56.329584	809.072
56.44944	811.676
56.569296	814.279
56.689136	816.882
56.808992	819.486
56.928832	822.089
57.048688	824.692
57.168544	827.295
57.288384	829.899
57.40824	832.502
57.528096	835.105
57.647936	837.709
57.767792	840.312
57.887648	842.915
58.007488	845.519
58.127344	848.122
58.247184	850.725
58.36704	853.329
58.486896	855.932
58.606736	858.535
58.726592	861.138
58.846448	863.742
58.966288	866.345
59.086144	868.948
59.206	871.552
59.32584	874.155
59.445696	876.758
59.565536	879.362
59.685392	881.965
59.805248	884.568
59.925088	887.172
60.044944	889.775
60.1648	892.378
60.28464	894.981
60.404496	897.585
60.524352	900.188
60.644192	902.791
60.764048	905.395
60.883888	907.998
61.003744	910.601
61.1236	913.205
61.24344	915.808
61.363296	918.411
61.483152	921.015
61.602992	923.618
61.722848	926.221
61.842704	928.824
61.962544	931.428
62.0824	934.031
62.20224	936.634
62.322096	939.238
62.441952	941.841
62.561792	944.444
62.681648	947.048
62.801504	949.651
62.921344	952.254
63.0412	954.858
63.161056	957.461
63.280896	960.064
63.400752	962.667
63.520592	965.271
63.640448	967.874
63.760304	970.477
63.880144	973.081
