   1.00  0.3978E+10  0.1000E+01
   2.00  0.2486E+09  0.9997E+00
   3.00  0.4913E+08  0.9999E+00
   4.00  0.1557E+08  0.1001E+01
   5.00  0.6383E+07  0.1002E+01
   6.00  0.3076E+07  0.1000E+01
   7.00  0.1657E+07  0.9978E+00
   8.00  0.9698E+06  0.9954E+00
   9.00  0.6050E+06  0.9939E+00
  10.00  0.3974E+06  0.9939E+00
  11.00  0.2722E+06  0.9956E+00
  12.00  0.1930E+06  0.9987E+00
  13.00  0.1409E+06  0.1003E+01
  14.00  0.1053E+06  0.1007E+01
  15.00  0.8042E+05  0.1012E+01
  16.00  0.6248E+05  0.1016E+01
  17.00  0.4927E+05  0.1019E+01
  18.00  0.3936E+05  0.1022E+01
  19.00  0.3181E+05  0.1023E+01
  20.00  0.2597E+05  0.1024E+01
  21.00  0.2139E+05  0.1023E+01
  22.00  0.1777E+05  0.1021E+01
  23.00  0.1487E+05  0.1019E+01
  24.00  0.1254E+05  0.1015E+01
  25.00  0.1063E+05  0.1012E+01
  26.00  0.9076E+04  0.1007E+01
  27.00  0.7790E+04  0.1003E+01
  28.00  0.6722E+04  0.9981E+00
  29.00  0.5829E+04  0.9931E+00
  30.00  0.5080E+04  0.9881E+00
  31.00  0.4446E+04  0.9830E+00
  32.00  0.3908E+04  0.9778E+00
  33.00  0.3448E+04  0.9726E+00
  34.00  0.3054E+04  0.9674E+00
  35.00  0.2714E+04  0.9621E+00
  36.00  0.2420E+04  0.9567E+00
  37.00  0.2165E+04  0.9513E+00
  38.00  0.1942E+04  0.9457E+00
  39.00  0.1747E+04  0.9401E+00
  40.00  0.1575E+04  0.9342E+00
  41.00  0.1423E+04  0.9282E+00
  42.00  0.1290E+04  0.9220E+00
  43.00  0.1171E+04  0.9156E+00
  44.00  0.1065E+04  0.9090E+00
  45.00  0.9705E+03  0.9022E+00
  46.00  0.8861E+03  0.8953E+00
  47.00  0.8105E+03  0.8882E+00
  48.00  0.7425E+03  0.8809E+00
  49.00  0.6814E+03  0.8736E+00
  50.00  0.6263E+03  0.8661E+00
  51.00  0.5765E+03  0.8585E+00
  52.00  0.5315E+03  0.8509E+00
  53.00  0.4907E+03  0.8432E+00
  54.00  0.4537E+03  0.8356E+00
  55.00  0.4201E+03  0.8279E+00
  56.00  0.3896E+03  0.8203E+00
  57.00  0.3617E+03  0.8128E+00
  58.00  0.3363E+03  0.8054E+00
  59.00  0.3131E+03  0.7981E+00
  60.00  0.2919E+03  0.7909E+00
  61.00  0.2725E+03  0.7839E+00
  62.00  0.2548E+03  0.7771E+00
  63.00  0.2385E+03  0.7704E+00
  64.00  0.2235E+03  0.7639E+00
  65.00  0.2097E+03  0.7576E+00
  66.00  0.1970E+03  0.7515E+00
  67.00  0.1853E+03  0.7456E+00
  68.00  0.1746E+03  0.7399E+00
  69.00  0.1646E+03  0.7343E+00
  70.00  0.1554E+03  0.7290E+00
  71.00  0.1468E+03  0.7238E+00
  72.00  0.1389E+03  0.7188E+00
  73.00  0.1316E+03  0.7140E+00
  74.00  0.1247E+03  0.7093E+00
  75.00  0.1184E+03  0.7048E+00
  76.00  0.1125E+03  0.7004E+00
  77.00  0.1069E+03  0.6962E+00
  78.00  0.1018E+03  0.6920E+00
  79.00  0.9696E+02  0.6880E+00
  80.00  0.9244E+02  0.6841E+00
  81.00  0.8821E+02  0.6803E+00
  82.00  0.8425E+02  0.6766E+00
  83.00  0.8052E+02  0.6729E+00
  84.00  0.7702E+02  0.6693E+00
  85.00  0.7372E+02  0.6658E+00
  86.00  0.7062E+02  0.6623E+00
  87.00  0.6770E+02  0.6589E+00
  88.00  0.6494E+02  0.6555E+00
  89.00  0.6233E+02  0.6521E+00
  90.00  0.5987E+02  0.6488E+00
  91.00  0.5754E+02  0.6456E+00
  92.00  0.5534E+02  0.6423E+00
  93.00  0.5325E+02  0.6391E+00
  94.00  0.5128E+02  0.6359E+00
  95.00  0.4940E+02  0.6327E+00
  96.00  0.4762E+02  0.6296E+00
  97.00  0.4593E+02  0.6265E+00
  98.00  0.4433E+02  0.6234E+00
  99.00  0.4280E+02  0.6203E+00
 100.00  0.4135E+02  0.6173E+00
 101.00  0.3997E+02  0.6143E+00
 102.00  0.3866E+02  0.6113E+00
 103.00  0.3741E+02  0.6084E+00
 104.00  0.3622E+02  0.6055E+00
 105.00  0.3509E+02  0.6026E+00
 106.00  0.3401E+02  0.5998E+00
 107.00  0.3298E+02  0.5969E+00
 108.00  0.3200E+02  0.5942E+00
 109.00  0.3106E+02  0.5915E+00
 110.00  0.3017E+02  0.5888E+00
 111.00  0.2931E+02  0.5861E+00
 112.00  0.2850E+02  0.5835E+00
 113.00  0.2772E+02  0.5810E+00
 114.00  0.2697E+02  0.5785E+00
 115.00  0.2626E+02  0.5760E+00
 116.00  0.2558E+02  0.5736E+00
 117.00  0.2493E+02  0.5712E+00
 118.00  0.2431E+02  0.5689E+00
 119.00  0.2371E+02  0.5666E+00
 120.00  0.2315E+02  0.5644E+00
 121.00  0.2260E+02  0.5622E+00
 122.00  0.2208E+02  0.5601E+00
 123.00  0.2158E+02  0.5580E+00
 124.00  0.2110E+02  0.5560E+00
 125.00  0.2064E+02  0.5540E+00
 126.00  0.2021E+02  0.5520E+00
 127.00  0.1979E+02  0.5501E+00
 128.00  0.1938E+02  0.5483E+00
 129.00  0.1900E+02  0.5465E+00
 130.00  0.1863E+02  0.5448E+00
 131.00  0.1827E+02  0.5430E+00
 132.00  0.1793E+02  0.5414E+00
 133.00  0.1761E+02  0.5398E+00
 134.00  0.1729E+02  0.5382E+00
 135.00  0.1699E+02  0.5367E+00
 136.00  0.1670E+02  0.5352E+00
 137.00  0.1643E+02  0.5337E+00
 138.00  0.1616E+02  0.5323E+00
 139.00  0.1591E+02  0.5309E+00
 140.00  0.1567E+02  0.5296E+00
 141.00  0.1543E+02  0.5283E+00
 142.00  0.1521E+02  0.5270E+00
 143.00  0.1500E+02  0.5258E+00
 144.00  0.1479E+02  0.5246E+00
 145.00  0.1460E+02  0.5234E+00
 146.00  0.1441E+02  0.5223E+00
 147.00  0.1423E+02  0.5212E+00
 148.00  0.1405E+02  0.5202E+00
 149.00  0.1389E+02  0.5192E+00
 150.00  0.1373E+02  0.5182E+00
 151.00  0.1358E+02  0.5172E+00
 152.00  0.1344E+02  0.5163E+00
 153.00  0.1330E+02  0.5155E+00
 154.00  0.1317E+02  0.5146E+00
 155.00  0.1305E+02  0.5138E+00
 156.00  0.1293E+02  0.5130E+00
 157.00  0.1282E+02  0.5122E+00
 158.00  0.1271E+02  0.5115E+00
 159.00  0.1261E+02  0.5108E+00
 160.00  0.1251E+02  0.5102E+00
 161.00  0.1242E+02  0.5096E+00
 162.00  0.1234E+02  0.5090E+00
 163.00  0.1226E+02  0.5084E+00
 164.00  0.1218E+02  0.5079E+00
 165.00  0.1211E+02  0.5074E+00
 166.00  0.1205E+02  0.5069E+00
 167.00  0.1199E+02  0.5065E+00
 168.00  0.1193E+02  0.5061E+00
 169.00  0.1188E+02  0.5057E+00
 170.00  0.1184E+02  0.5054E+00
 171.00  0.1180E+02  0.5051E+00
 172.00  0.1176E+02  0.5048E+00
 173.00  0.1173E+02  0.5045E+00
 174.00  0.1170E+02  0.5043E+00
 175.00  0.1167E+02  0.5042E+00
 176.00  0.1166E+02  0.5040E+00
 177.00  0.1164E+02  0.5039E+00
 178.00  0.1163E+02  0.5038E+00
 179.00  0.1162E+02  0.5038E+00
