   1.00  0.3903E+10  0.1000E+01
   2.00  0.2440E+09  0.9999E+00
   3.00  0.4818E+08  0.9995E+00
   4.00  0.1527E+08  0.1001E+01
   5.00  0.6265E+07  0.1002E+01
   6.00  0.3022E+07  0.1002E+01
   7.00  0.1629E+07  0.9994E+00
   8.00  0.9526E+06  0.9964E+00
   9.00  0.5937E+06  0.9939E+00
  10.00  0.3895E+06  0.9928E+00
  11.00  0.2665E+06  0.9934E+00
  12.00  0.1888E+06  0.9957E+00
  13.00  0.1378E+06  0.9994E+00
  14.00  0.1030E+06  0.1004E+01
  15.00  0.7868E+05  0.1009E+01
  16.00  0.6116E+05  0.1014E+01
  17.00  0.4826E+05  0.1018E+01
  18.00  0.3859E+05  0.1021E+01
  19.00  0.3122E+05  0.1023E+01
  20.00  0.2551E+05  0.1025E+01
  21.00  0.2103E+05  0.1025E+01
  22.00  0.1748E+05  0.1024E+01
  23.00  0.1464E+05  0.1022E+01
  24.00  0.1235E+05  0.1019E+01
  25.00  0.1048E+05  0.1016E+01
  26.00  0.8951E+04  0.1013E+01
  27.00  0.7687E+04  0.1009E+01
  28.00  0.6637E+04  0.1004E+01
  29.00  0.5758E+04  0.9997E+00
  30.00  0.5019E+04  0.9950E+00
  31.00  0.4394E+04  0.9902E+00
  32.00  0.3863E+04  0.9852E+00
  33.00  0.3409E+04  0.9801E+00
  34.00  0.3020E+04  0.9749E+00
  35.00  0.2684E+04  0.9695E+00
  36.00  0.2393E+04  0.9639E+00
  37.00  0.2140E+04  0.9582E+00
  38.00  0.1918E+04  0.9522E+00
  39.00  0.1725E+04  0.9460E+00
  40.00  0.1554E+04  0.9395E+00
  41.00  0.1404E+04  0.9328E+00
  42.00  0.1270E+04  0.9258E+00
  43.00  0.1152E+04  0.9185E+00
  44.00  0.1047E+04  0.9110E+00
  45.00  0.9533E+03  0.9033E+00
  46.00  0.8695E+03  0.8953E+00
  47.00  0.7943E+03  0.8872E+00
  48.00  0.7269E+03  0.8789E+00
  49.00  0.6662E+03  0.8705E+00
  50.00  0.6116E+03  0.8620E+00
  51.00  0.5623E+03  0.8534E+00
  52.00  0.5178E+03  0.8448E+00
  53.00  0.4775E+03  0.8363E+00
  54.00  0.4410E+03  0.8277E+00
  55.00  0.4079E+03  0.8193E+00
  56.00  0.3778E+03  0.8109E+00
  57.00  0.3505E+03  0.8027E+00
  58.00  0.3256E+03  0.7946E+00
  59.00  0.3028E+03  0.7867E+00
  60.00  0.2821E+03  0.7789E+00
  61.00  0.2631E+03  0.7714E+00
  62.00  0.2458E+03  0.7641E+00
  63.00  0.2299E+03  0.7569E+00
  64.00  0.2153E+03  0.7500E+00
  65.00  0.2019E+03  0.7433E+00
  66.00  0.1895E+03  0.7368E+00
  67.00  0.1782E+03  0.7305E+00
  68.00  0.1677E+03  0.7244E+00
  69.00  0.1580E+03  0.7185E+00
  70.00  0.1491E+03  0.7128E+00
  71.00  0.1408E+03  0.7073E+00
  72.00  0.1331E+03  0.7019E+00
  73.00  0.1260E+03  0.6966E+00
  74.00  0.1193E+03  0.6916E+00
  75.00  0.1132E+03  0.6866E+00
  76.00  0.1074E+03  0.6817E+00
  77.00  0.1020E+03  0.6770E+00
  78.00  0.9703E+02  0.6723E+00
  79.00  0.9234E+02  0.6678E+00
  80.00  0.8795E+02  0.6633E+00
  81.00  0.8383E+02  0.6589E+00
  82.00  0.7997E+02  0.6545E+00
  83.00  0.7635E+02  0.6503E+00
  84.00  0.7294E+02  0.6460E+00
  85.00  0.6974E+02  0.6418E+00
  86.00  0.6672E+02  0.6377E+00
  87.00  0.6387E+02  0.6335E+00
  88.00  0.6119E+02  0.6295E+00
  89.00  0.5866E+02  0.6254E+00
  90.00  0.5626E+02  0.6214E+00
  91.00  0.5400E+02  0.6175E+00
  92.00  0.5187E+02  0.6135E+00
  93.00  0.4984E+02  0.6096E+00
  94.00  0.4793E+02  0.6058E+00
  95.00  0.4611E+02  0.6019E+00
  96.00  0.4439E+02  0.5982E+00
  97.00  0.4276E+02  0.5944E+00
  98.00  0.4121E+02  0.5907E+00
  99.00  0.3974E+02  0.5871E+00
 100.00  0.3835E+02  0.5834E+00
 101.00  0.3703E+02  0.5799E+00
 102.00  0.3577E+02  0.5764E+00
 103.00  0.3457E+02  0.5729E+00
 104.00  0.3343E+02  0.5695E+00
 105.00  0.3235E+02  0.5662E+00
 106.00  0.3132E+02  0.5629E+00
 107.00  0.3034E+02  0.5596E+00
 108.00  0.2940E+02  0.5565E+00
 109.00  0.2851E+02  0.5534E+00
 110.00  0.2767E+02  0.5503E+00
 111.00  0.2686E+02  0.5473E+00
 112.00  0.2609E+02  0.5444E+00
 113.00  0.2535E+02  0.5415E+00
 114.00  0.2465E+02  0.5387E+00
 115.00  0.2398E+02  0.5360E+00
 116.00  0.2334E+02  0.5333E+00
 117.00  0.2273E+02  0.5307E+00
 118.00  0.2214E+02  0.5281E+00
 119.00  0.2158E+02  0.5256E+00
 120.00  0.2105E+02  0.5231E+00
 121.00  0.2054E+02  0.5208E+00
 122.00  0.2005E+02  0.5184E+00
 123.00  0.1959E+02  0.5161E+00
 124.00  0.1914E+02  0.5139E+00
 125.00  0.1871E+02  0.5117E+00
 126.00  0.1830E+02  0.5096E+00
 127.00  0.1791E+02  0.5075E+00
 128.00  0.1753E+02  0.5055E+00
 129.00  0.1717E+02  0.5035E+00
 130.00  0.1683E+02  0.5016E+00
 131.00  0.1650E+02  0.4997E+00
 132.00  0.1618E+02  0.4979E+00
 133.00  0.1588E+02  0.4961E+00
 134.00  0.1558E+02  0.4943E+00
 135.00  0.1530E+02  0.4926E+00
 136.00  0.1504E+02  0.4909E+00
 137.00  0.1478E+02  0.4893E+00
 138.00  0.1453E+02  0.4877E+00
 139.00  0.1430E+02  0.4862E+00
 140.00  0.1407E+02  0.4847E+00
 141.00  0.1385E+02  0.4832E+00
 142.00  0.1364E+02  0.4817E+00
 143.00  0.1344E+02  0.4803E+00
 144.00  0.1325E+02  0.4790E+00
 145.00  0.1307E+02  0.4777E+00
 146.00  0.1289E+02  0.4764E+00
 147.00  0.1272E+02  0.4751E+00
 148.00  0.1256E+02  0.4739E+00
 149.00  0.1241E+02  0.4727E+00
 150.00  0.1226E+02  0.4716E+00
 151.00  0.1212E+02  0.4705E+00
 152.00  0.1199E+02  0.4694E+00
 153.00  0.1186E+02  0.4684E+00
 154.00  0.1174E+02  0.4674E+00
 155.00  0.1162E+02  0.4664E+00
 156.00  0.1151E+02  0.4655E+00
 157.00  0.1140E+02  0.4646E+00
 158.00  0.1131E+02  0.4637E+00
 159.00  0.1121E+02  0.4629E+00
 160.00  0.1112E+02  0.4622E+00
 161.00  0.1104E+02  0.4614E+00
 162.00  0.1096E+02  0.4607E+00
 163.00  0.1088E+02  0.4600E+00
 164.00  0.1081E+02  0.4594E+00
 165.00  0.1075E+02  0.4588E+00
 166.00  0.1069E+02  0.4583E+00
 167.00  0.1063E+02  0.4577E+00
 168.00  0.1058E+02  0.4573E+00
 169.00  0.1053E+02  0.4568E+00
 170.00  0.1049E+02  0.4564E+00
 171.00  0.1045E+02  0.4560E+00
 172.00  0.1042E+02  0.4557E+00
 173.00  0.1039E+02  0.4554E+00
 174.00  0.1036E+02  0.4552E+00
 175.00  0.1034E+02  0.4550E+00
 176.00  0.1032E+02  0.4548E+00
 177.00  0.1031E+02  0.4546E+00
 178.00  0.1030E+02  0.4546E+00
 179.00  0.1029E+02  0.4545E+00
##5.32
