   1.00  0.1796E+11  0.1000E+01
   2.00  0.1123E+10  0.1000E+01
   3.00  0.2218E+09  0.1000E+01
   4.00  0.7021E+08  0.1000E+01
   5.00  0.2877E+08  0.1000E+01
   6.00  0.1388E+08  0.1000E+01
   7.00  0.7499E+07  0.1000E+01
   8.00  0.4399E+07  0.1000E+01
   9.00  0.2749E+07  0.1000E+01
  10.00  0.1805E+07  0.1000E+01
  11.00  0.1234E+07  0.1000E+01
  12.00  0.8725E+06  0.1000E+01
  13.00  0.6343E+06  0.1000E+01
  14.00  0.4722E+06  0.1000E+01
  15.00  0.3589E+06  0.1000E+01
  16.00  0.2776E+06  0.1000E+01
  17.00  0.2182E+06  0.1000E+01
  18.00  0.1739E+06  0.1000E+01
  19.00  0.1404E+06  0.1000E+01
  20.00  0.1146E+06  0.1000E+01
  21.00  0.9444E+05  0.1000E+01
  22.00  0.7858E+05  0.1000E+01
  23.00  0.6593E+05  0.1000E+01
  24.00  0.5574E+05  0.1000E+01
  25.00  0.4746E+05  0.1000E+01
  26.00  0.4067E+05  0.9999E+00
  27.00  0.3507E+05  0.9999E+00
  28.00  0.3041E+05  0.9999E+00
  29.00  0.2650E+05  0.9999E+00
  30.00  0.2321E+05  0.9999E+00
  31.00  0.2042E+05  0.9999E+00
  32.00  0.1804E+05  0.9999E+00
  33.00  0.1601E+05  0.9999E+00
  34.00  0.1425E+05  0.9999E+00
  35.00  0.1274E+05  0.9999E+00
  36.00  0.1142E+05  0.1000E+01
  37.00  0.1028E+05  0.1000E+01
  38.00  0.9271E+04  0.1000E+01
  39.00  0.8390E+04  0.1000E+01
  40.00  0.7612E+04  0.1000E+01
  41.00  0.6925E+04  0.1000E+01
  42.00  0.6316E+04  0.1000E+01
  43.00  0.5774E+04  0.1000E+01
  44.00  0.5290E+04  0.1000E+01
  45.00  0.4858E+04  0.1000E+01
  46.00  0.4470E+04  0.1000E+01
  47.00  0.4121E+04  0.1000E+01
  48.00  0.3807E+04  0.1000E+01
  49.00  0.3523E+04  0.1000E+01
  50.00  0.3266E+04  0.1000E+01
  51.00  0.3033E+04  0.1000E+01
  52.00  0.2822E+04  0.1000E+01
  53.00  0.2629E+04  0.1000E+01
  54.00  0.2453E+04  0.1000E+01
  55.00  0.2292E+04  0.1000E+01
  56.00  0.2145E+04  0.1000E+01
  57.00  0.2010E+04  0.1000E+01
  58.00  0.1886E+04  0.1000E+01
  59.00  0.1772E+04  0.1000E+01
  60.00  0.1667E+04  0.1000E+01
  61.00  0.1570E+04  0.1000E+01
  62.00  0.1481E+04  0.1000E+01
  63.00  0.1398E+04  0.1000E+01
  64.00  0.1321E+04  0.1000E+01
  65.00  0.1250E+04  0.1000E+01
  66.00  0.1184E+04  0.1000E+01
  67.00  0.1123E+04  0.1000E+01
  68.00  0.1065E+04  0.1000E+01
  69.00  0.1012E+04  0.1000E+01
  70.00  0.9624E+03  0.1000E+01
  71.00  0.9160E+03  0.1000E+01
  72.00  0.8726E+03  0.9999E+00
  73.00  0.8319E+03  0.9998E+00
  74.00  0.7939E+03  0.9998E+00
  75.00  0.7582E+03  0.9997E+00
  76.00  0.7247E+03  0.9996E+00
  77.00  0.6932E+03  0.9995E+00
  78.00  0.6637E+03  0.9994E+00
  79.00  0.6359E+03  0.9993E+00
  80.00  0.6097E+03  0.9992E+00
  81.00  0.5850E+03  0.9991E+00
  82.00  0.5617E+03  0.9990E+00
  83.00  0.5397E+03  0.9989E+00
  84.00  0.5190E+03  0.9988E+00
  85.00  0.4993E+03  0.9987E+00
  86.00  0.4808E+03  0.9985E+00
  87.00  0.4632E+03  0.9984E+00
  88.00  0.4466E+03  0.9983E+00
  89.00  0.4308E+03  0.9982E+00
  90.00  0.4158E+03  0.9981E+00
  91.00  0.4016E+03  0.9979E+00
  92.00  0.3882E+03  0.9978E+00
  93.00  0.3754E+03  0.9977E+00
  94.00  0.3632E+03  0.9976E+00
  95.00  0.3516E+03  0.9974E+00
  96.00  0.3406E+03  0.9973E+00
  97.00  0.3301E+03  0.9972E+00
  98.00  0.3201E+03  0.9970E+00
  99.00  0.3106E+03  0.9969E+00
 100.00  0.3015E+03  0.9968E+00
 101.00  0.2928E+03  0.9967E+00
 102.00  0.2846E+03  0.9965E+00
 103.00  0.2767E+03  0.9964E+00
 104.00  0.2691E+03  0.9963E+00
 105.00  0.2619E+03  0.9962E+00
 106.00  0.2550E+03  0.9960E+00
 107.00  0.2484E+03  0.9959E+00
 108.00  0.2421E+03  0.9958E+00
 109.00  0.2361E+03  0.9957E+00
 110.00  0.2303E+03  0.9955E+00
 111.00  0.2248E+03  0.9954E+00
 112.00  0.2195E+03  0.9953E+00
 113.00  0.2144E+03  0.9952E+00
 114.00  0.2095E+03  0.9951E+00
 115.00  0.2048E+03  0.9950E+00
 116.00  0.2003E+03  0.9949E+00
 117.00  0.1960E+03  0.9948E+00
 118.00  0.1919E+03  0.9946E+00
 119.00  0.1880E+03  0.9945E+00
 120.00  0.1841E+03  0.9944E+00
 121.00  0.1805E+03  0.9943E+00
 122.00  0.1770E+03  0.9942E+00
 123.00  0.1736E+03  0.9941E+00
 124.00  0.1704E+03  0.9940E+00
 125.00  0.1672E+03  0.9940E+00
 126.00  0.1643E+03  0.9939E+00
 127.00  0.1614E+03  0.9938E+00
 128.00  0.1586E+03  0.9937E+00
 129.00  0.1559E+03  0.9936E+00
 130.00  0.1534E+03  0.9935E+00
 131.00  0.1509E+03  0.9934E+00
 132.00  0.1486E+03  0.9934E+00
 133.00  0.1463E+03  0.9933E+00
 134.00  0.1441E+03  0.9932E+00
 135.00  0.1420E+03  0.9931E+00
 136.00  0.1400E+03  0.9931E+00
 137.00  0.1380E+03  0.9930E+00
 138.00  0.1362E+03  0.9929E+00
 139.00  0.1344E+03  0.9929E+00
 140.00  0.1326E+03  0.9928E+00
 141.00  0.1310E+03  0.9928E+00
 142.00  0.1294E+03  0.9927E+00
 143.00  0.1278E+03  0.9926E+00
 144.00  0.1264E+03  0.9926E+00
 145.00  0.1250E+03  0.9925E+00
 146.00  0.1236E+03  0.9925E+00
 147.00  0.1223E+03  0.9924E+00
 148.00  0.1211E+03  0.9924E+00
 149.00  0.1199E+03  0.9924E+00
 150.00  0.1187E+03  0.9923E+00
 151.00  0.1176E+03  0.9923E+00
 152.00  0.1166E+03  0.9922E+00
 153.00  0.1156E+03  0.9922E+00
 154.00  0.1147E+03  0.9922E+00
 155.00  0.1137E+03  0.9921E+00
 156.00  0.1129E+03  0.9921E+00
 157.00  0.1121E+03  0.9921E+00
 158.00  0.1113E+03  0.9920E+00
 159.00  0.1105E+03  0.9920E+00
 160.00  0.1098E+03  0.9920E+00
 161.00  0.1092E+03  0.9919E+00
 162.00  0.1086E+03  0.9919E+00
 163.00  0.1080E+03  0.9919E+00
 164.00  0.1074E+03  0.9919E+00
 165.00  0.1069E+03  0.9919E+00
 166.00  0.1064E+03  0.9918E+00
 167.00  0.1060E+03  0.9918E+00
 168.00  0.1056E+03  0.9918E+00
 169.00  0.1052E+03  0.9918E+00
 170.00  0.1049E+03  0.9918E+00
 171.00  0.1046E+03  0.9918E+00
 172.00  0.1043E+03  0.9918E+00
 173.00  0.1041E+03  0.9918E+00
 174.00  0.1039E+03  0.9917E+00
 175.00  0.1037E+03  0.9917E+00
 176.00  0.1036E+03  0.9917E+00
 177.00  0.1034E+03  0.9917E+00
 178.00  0.1034E+03  0.9917E+00
 179.00  0.1033E+03  0.9917E+00
##2.48
