   1.00  0.1269E+11  0.1000E+01
   2.00  0.7935E+09  0.1000E+01
   3.00  0.1568E+09  0.1000E+01
   4.00  0.4962E+08  0.1000E+01
   5.00  0.2034E+08  0.1000E+01
   6.00  0.9812E+07  0.1000E+01
   7.00  0.5300E+07  0.1000E+01
   8.00  0.3109E+07  0.1000E+01
   9.00  0.1943E+07  0.1000E+01
  10.00  0.1276E+07  0.1000E+01
  11.00  0.8723E+06  0.1000E+01
  12.00  0.6167E+06  0.1000E+01
  13.00  0.4483E+06  0.1000E+01
  14.00  0.3338E+06  0.1000E+01
  15.00  0.2536E+06  0.1000E+01
  16.00  0.1962E+06  0.1000E+01
  17.00  0.1542E+06  0.1000E+01
  18.00  0.1229E+06  0.1000E+01
  19.00  0.9920E+05  0.9999E+00
  20.00  0.8095E+05  0.9999E+00
  21.00  0.6673E+05  0.9998E+00
  22.00  0.5552E+05  0.9997E+00
  23.00  0.4658E+05  0.9997E+00
  24.00  0.3938E+05  0.9996E+00
  25.00  0.3353E+05  0.9996E+00
  26.00  0.2874E+05  0.9996E+00
  27.00  0.2478E+05  0.9997E+00
  28.00  0.2148E+05  0.9997E+00
  29.00  0.1873E+05  0.9998E+00
  30.00  0.1640E+05  0.9999E+00
  31.00  0.1443E+05  0.1000E+01
  32.00  0.1275E+05  0.1000E+01
  33.00  0.1132E+05  0.1000E+01
  34.00  0.1008E+05  0.1000E+01
  35.00  0.9007E+04  0.1000E+01
  36.00  0.8078E+04  0.1001E+01
  37.00  0.7267E+04  0.1001E+01
  38.00  0.6558E+04  0.1001E+01
  39.00  0.5935E+04  0.1001E+01
  40.00  0.5386E+04  0.1001E+01
  41.00  0.4900E+04  0.1001E+01
  42.00  0.4469E+04  0.1001E+01
  43.00  0.4086E+04  0.1001E+01
  44.00  0.3744E+04  0.1002E+01
  45.00  0.3438E+04  0.1002E+01
  46.00  0.3164E+04  0.1002E+01
  47.00  0.2917E+04  0.1002E+01
  48.00  0.2695E+04  0.1002E+01
  49.00  0.2494E+04  0.1002E+01
  50.00  0.2312E+04  0.1002E+01
  51.00  0.2147E+04  0.1002E+01
  52.00  0.1997E+04  0.1002E+01
  53.00  0.1860E+04  0.1002E+01
  54.00  0.1736E+04  0.1002E+01
  55.00  0.1622E+04  0.1001E+01
  56.00  0.1517E+04  0.1001E+01
  57.00  0.1422E+04  0.1001E+01
  58.00  0.1334E+04  0.1001E+01
  59.00  0.1253E+04  0.1001E+01
  60.00  0.1178E+04  0.1001E+01
  61.00  0.1110E+04  0.1000E+01
  62.00  0.1046E+04  0.1000E+01
  63.00  0.9875E+03  0.9998E+00
  64.00  0.9330E+03  0.9995E+00
  65.00  0.8825E+03  0.9992E+00
  66.00  0.8356E+03  0.9988E+00
  67.00  0.7920E+03  0.9985E+00
  68.00  0.7514E+03  0.9981E+00
  69.00  0.7136E+03  0.9977E+00
  70.00  0.6783E+03  0.9974E+00
  71.00  0.6454E+03  0.9969E+00
  72.00  0.6146E+03  0.9965E+00
  73.00  0.5857E+03  0.9961E+00
  74.00  0.5587E+03  0.9956E+00
  75.00  0.5334E+03  0.9952E+00
  76.00  0.5097E+03  0.9947E+00
  77.00  0.4874E+03  0.9943E+00
  78.00  0.4664E+03  0.9938E+00
  79.00  0.4467E+03  0.9933E+00
  80.00  0.4281E+03  0.9928E+00
  81.00  0.4106E+03  0.9923E+00
  82.00  0.3941E+03  0.9918E+00
  83.00  0.3785E+03  0.9913E+00
  84.00  0.3638E+03  0.9907E+00
  85.00  0.3499E+03  0.9902E+00
  86.00  0.3368E+03  0.9897E+00
  87.00  0.3243E+03  0.9892E+00
  88.00  0.3125E+03  0.9886E+00
  89.00  0.3014E+03  0.9881E+00
  90.00  0.2908E+03  0.9876E+00
  91.00  0.2808E+03  0.9871E+00
  92.00  0.2712E+03  0.9865E+00
  93.00  0.2622E+03  0.9860E+00
  94.00  0.2536E+03  0.9855E+00
  95.00  0.2454E+03  0.9849E+00
  96.00  0.2376E+03  0.9844E+00
  97.00  0.2302E+03  0.9839E+00
  98.00  0.2231E+03  0.9834E+00
  99.00  0.2164E+03  0.9829E+00
 100.00  0.2100E+03  0.9824E+00
 101.00  0.2039E+03  0.9818E+00
 102.00  0.1980E+03  0.9813E+00
 103.00  0.1925E+03  0.9809E+00
 104.00  0.1872E+03  0.9804E+00
 105.00  0.1821E+03  0.9799E+00
 106.00  0.1772E+03  0.9794E+00
 107.00  0.1726E+03  0.9789E+00
 108.00  0.1681E+03  0.9784E+00
 109.00  0.1639E+03  0.9780E+00
 110.00  0.1598E+03  0.9775E+00
 111.00  0.1559E+03  0.9771E+00
 112.00  0.1522E+03  0.9766E+00
 113.00  0.1486E+03  0.9762E+00
 114.00  0.1452E+03  0.9758E+00
 115.00  0.1419E+03  0.9753E+00
 116.00  0.1388E+03  0.9749E+00
 117.00  0.1357E+03  0.9745E+00
 118.00  0.1328E+03  0.9741E+00
 119.00  0.1300E+03  0.9737E+00
 120.00  0.1274E+03  0.9733E+00
 121.00  0.1248E+03  0.9729E+00
 122.00  0.1223E+03  0.9726E+00
 123.00  0.1200E+03  0.9722E+00
 124.00  0.1177E+03  0.9718E+00
 125.00  0.1155E+03  0.9715E+00
 126.00  0.1134E+03  0.9711E+00
 127.00  0.1114E+03  0.9708E+00
 128.00  0.1095E+03  0.9705E+00
 129.00  0.1076E+03  0.9701E+00
 130.00  0.1058E+03  0.9698E+00
 131.00  0.1041E+03  0.9695E+00
 132.00  0.1024E+03  0.9692E+00
 133.00  0.1008E+03  0.9689E+00
 134.00  0.9932E+02  0.9686E+00
 135.00  0.9785E+02  0.9684E+00
 136.00  0.9643E+02  0.9681E+00
 137.00  0.9507E+02  0.9678E+00
 138.00  0.9376E+02  0.9676E+00
 139.00  0.9251E+02  0.9673E+00
 140.00  0.9130E+02  0.9671E+00
 141.00  0.9014E+02  0.9668E+00
 142.00  0.8903E+02  0.9666E+00
 143.00  0.8796E+02  0.9664E+00
 144.00  0.8694E+02  0.9662E+00
 145.00  0.8595E+02  0.9660E+00
 146.00  0.8501E+02  0.9658E+00
 147.00  0.8410E+02  0.9656E+00
 148.00  0.8323E+02  0.9654E+00
 149.00  0.8240E+02  0.9652E+00
 150.00  0.8161E+02  0.9650E+00
 151.00  0.8085E+02  0.9649E+00
 152.00  0.8012E+02  0.9647E+00
 153.00  0.7943E+02  0.9646E+00
 154.00  0.7876E+02  0.9644E+00
 155.00  0.7813E+02  0.9643E+00
 156.00  0.7753E+02  0.9641E+00
 157.00  0.7696E+02  0.9640E+00
 158.00  0.7642E+02  0.9639E+00
 159.00  0.7590E+02  0.9638E+00
 160.00  0.7542E+02  0.9636E+00
 161.00  0.7496E+02  0.9635E+00
 162.00  0.7453E+02  0.9634E+00
 163.00  0.7412E+02  0.9633E+00
 164.00  0.7374E+02  0.9632E+00
 165.00  0.7338E+02  0.9632E+00
 166.00  0.7305E+02  0.9631E+00
 167.00  0.7274E+02  0.9630E+00
 168.00  0.7246E+02  0.9629E+00
 169.00  0.7220E+02  0.9629E+00
 170.00  0.7197E+02  0.9628E+00
 171.00  0.7175E+02  0.9628E+00
 172.00  0.7157E+02  0.9627E+00
 173.00  0.7140E+02  0.9627E+00
 174.00  0.7126E+02  0.9627E+00
 175.00  0.7113E+02  0.9626E+00
 176.00  0.7103E+02  0.9626E+00
 177.00  0.7096E+02  0.9626E+00
 178.00  0.7090E+02  0.9626E+00
 179.00  0.7087E+02  0.9626E+00
##2.95
