   1.00  0.9335E+10  0.1000E+01
   2.00  0.5835E+09  0.1000E+01
   3.00  0.1153E+09  0.1000E+01
   4.00  0.3649E+08  0.1000E+01
   5.00  0.1495E+08  0.1000E+01
   6.00  0.7215E+07  0.9999E+00
   7.00  0.3897E+07  0.9999E+00
   8.00  0.2286E+07  0.9999E+00
   9.00  0.1429E+07  0.1000E+01
  10.00  0.9384E+06  0.1000E+01
  11.00  0.6417E+06  0.1000E+01
  12.00  0.4536E+06  0.1000E+01
  13.00  0.3297E+06  0.1000E+01
  14.00  0.2455E+06  0.1000E+01
  15.00  0.1865E+06  0.9999E+00
  16.00  0.1442E+06  0.9996E+00
  17.00  0.1133E+06  0.9994E+00
  18.00  0.9032E+05  0.9991E+00
  19.00  0.7288E+05  0.9990E+00
  20.00  0.5947E+05  0.9989E+00
  21.00  0.4903E+05  0.9989E+00
  22.00  0.4080E+05  0.9990E+00
  23.00  0.3424E+05  0.9991E+00
  24.00  0.2895E+05  0.9994E+00
  25.00  0.2466E+05  0.9997E+00
  26.00  0.2114E+05  0.1000E+01
  27.00  0.1824E+05  0.1000E+01
  28.00  0.1582E+05  0.1001E+01
  29.00  0.1379E+05  0.1001E+01
  30.00  0.1208E+05  0.1002E+01
  31.00  0.1064E+05  0.1002E+01
  32.00  0.9403E+04  0.1003E+01
  33.00  0.8344E+04  0.1003E+01
  34.00  0.7433E+04  0.1003E+01
  35.00  0.6645E+04  0.1004E+01
  36.00  0.5960E+04  0.1004E+01
  37.00  0.5363E+04  0.1004E+01
  38.00  0.4840E+04  0.1004E+01
  39.00  0.4380E+04  0.1005E+01
  40.00  0.3974E+04  0.1005E+01
  41.00  0.3616E+04  0.1005E+01
  42.00  0.3297E+04  0.1005E+01
  43.00  0.3014E+04  0.1005E+01
  44.00  0.2761E+04  0.1004E+01
  45.00  0.2535E+04  0.1004E+01
  46.00  0.2332E+04  0.1004E+01
  47.00  0.2149E+04  0.1004E+01
  48.00  0.1985E+04  0.1003E+01
  49.00  0.1836E+04  0.1003E+01
  50.00  0.1701E+04  0.1002E+01
  51.00  0.1579E+04  0.1002E+01
  52.00  0.1468E+04  0.1001E+01
  53.00  0.1366E+04  0.1000E+01
  54.00  0.1274E+04  0.9998E+00
  55.00  0.1190E+04  0.9990E+00
  56.00  0.1112E+04  0.9981E+00
  57.00  0.1041E+04  0.9973E+00
  58.00  0.9763E+03  0.9963E+00
  59.00  0.9164E+03  0.9953E+00
  60.00  0.8612E+03  0.9943E+00
  61.00  0.8103E+03  0.9932E+00
  62.00  0.7633E+03  0.9921E+00
  63.00  0.7198E+03  0.9909E+00
  64.00  0.6795E+03  0.9897E+00
  65.00  0.6421E+03  0.9885E+00
  66.00  0.6074E+03  0.9873E+00
  67.00  0.5752E+03  0.9860E+00
  68.00  0.5452E+03  0.9847E+00
  69.00  0.5172E+03  0.9833E+00
  70.00  0.4912E+03  0.9820E+00
  71.00  0.4668E+03  0.9806E+00
  72.00  0.4441E+03  0.9792E+00
  73.00  0.4228E+03  0.9778E+00
  74.00  0.4029E+03  0.9764E+00
  75.00  0.3843E+03  0.9749E+00
  76.00  0.3668E+03  0.9735E+00
  77.00  0.3504E+03  0.9720E+00
  78.00  0.3350E+03  0.9706E+00
  79.00  0.3205E+03  0.9691E+00
  80.00  0.3069E+03  0.9676E+00
  81.00  0.2940E+03  0.9662E+00
  82.00  0.2819E+03  0.9647E+00
  83.00  0.2705E+03  0.9632E+00
  84.00  0.2597E+03  0.9618E+00
  85.00  0.2496E+03  0.9603E+00
  86.00  0.2399E+03  0.9589E+00
  87.00  0.2309E+03  0.9574E+00
  88.00  0.2223E+03  0.9560E+00
  89.00  0.2141E+03  0.9546E+00
  90.00  0.2064E+03  0.9531E+00
  91.00  0.1991E+03  0.9517E+00
  92.00  0.1921E+03  0.9503E+00
  93.00  0.1856E+03  0.9489E+00
  94.00  0.1793E+03  0.9476E+00
  95.00  0.1734E+03  0.9462E+00
  96.00  0.1677E+03  0.9449E+00
  97.00  0.1623E+03  0.9435E+00
  98.00  0.1572E+03  0.9422E+00
  99.00  0.1524E+03  0.9409E+00
 100.00  0.1477E+03  0.9396E+00
 101.00  0.1433E+03  0.9383E+00
 102.00  0.1391E+03  0.9371E+00
 103.00  0.1351E+03  0.9358E+00
 104.00  0.1312E+03  0.9346E+00
 105.00  0.1276E+03  0.9334E+00
 106.00  0.1241E+03  0.9322E+00
 107.00  0.1207E+03  0.9310E+00
 108.00  0.1175E+03  0.9299E+00
 109.00  0.1145E+03  0.9287E+00
 110.00  0.1115E+03  0.9276E+00
 111.00  0.1087E+03  0.9265E+00
 112.00  0.1061E+03  0.9254E+00
 113.00  0.1035E+03  0.9243E+00
 114.00  0.1010E+03  0.9233E+00
 115.00  0.9868E+02  0.9223E+00
 116.00  0.9642E+02  0.9212E+00
 117.00  0.9426E+02  0.9202E+00
 118.00  0.9219E+02  0.9193E+00
 119.00  0.9020E+02  0.9183E+00
 120.00  0.8829E+02  0.9173E+00
 121.00  0.8646E+02  0.9164E+00
 122.00  0.8470E+02  0.9155E+00
 123.00  0.8301E+02  0.9146E+00
 124.00  0.8139E+02  0.9137E+00
 125.00  0.7983E+02  0.9129E+00
 126.00  0.7834E+02  0.9121E+00
 127.00  0.7690E+02  0.9112E+00
 128.00  0.7553E+02  0.9104E+00
 129.00  0.7420E+02  0.9096E+00
 130.00  0.7293E+02  0.9089E+00
 131.00  0.7170E+02  0.9081E+00
 132.00  0.7053E+02  0.9074E+00
 133.00  0.6940E+02  0.9067E+00
 134.00  0.6831E+02  0.9060E+00
 135.00  0.6727E+02  0.9053E+00
 136.00  0.6627E+02  0.9046E+00
 137.00  0.6530E+02  0.9040E+00
 138.00  0.6438E+02  0.9033E+00
 139.00  0.6349E+02  0.9027E+00
 140.00  0.6263E+02  0.9021E+00
 141.00  0.6181E+02  0.9015E+00
 142.00  0.6103E+02  0.9010E+00
 143.00  0.6027E+02  0.9004E+00
 144.00  0.5954E+02  0.8999E+00
 145.00  0.5885E+02  0.8993E+00
 146.00  0.5818E+02  0.8988E+00
 147.00  0.5754E+02  0.8984E+00
 148.00  0.5693E+02  0.8979E+00
 149.00  0.5634E+02  0.8974E+00
 150.00  0.5578E+02  0.8970E+00
 151.00  0.5525E+02  0.8966E+00
 152.00  0.5473E+02  0.8961E+00
 153.00  0.5424E+02  0.8957E+00
 154.00  0.5378E+02  0.8954E+00
 155.00  0.5333E+02  0.8950E+00
 156.00  0.5291E+02  0.8946E+00
 157.00  0.5251E+02  0.8943E+00
 158.00  0.5212E+02  0.8940E+00
 159.00  0.5176E+02  0.8937E+00
 160.00  0.5142E+02  0.8934E+00
 161.00  0.5110E+02  0.8931E+00
 162.00  0.5079E+02  0.8929E+00
 163.00  0.5050E+02  0.8926E+00
 164.00  0.5024E+02  0.8924E+00
 165.00  0.4999E+02  0.8921E+00
 166.00  0.4975E+02  0.8919E+00
 167.00  0.4954E+02  0.8918E+00
 168.00  0.4934E+02  0.8916E+00
 169.00  0.4916E+02  0.8914E+00
 170.00  0.4899E+02  0.8913E+00
 171.00  0.4884E+02  0.8911E+00
 172.00  0.4871E+02  0.8910E+00
 173.00  0.4859E+02  0.8909E+00
 174.00  0.4849E+02  0.8908E+00
 175.00  0.4841E+02  0.8907E+00
 176.00  0.4834E+02  0.8907E+00
 177.00  0.4828E+02  0.8906E+00
 178.00  0.4824E+02  0.8906E+00
 179.00  0.4822E+02  0.8906E+00
##3.44
