218	2.308	410	0.98
219	2.265	410	1.00
220	2.291	407	1.04
221	2.309	403	1.07
222	2.272	403	1.10
223	2.232	403	1.10
224	2.226	403	1.16
225	2.213	403	1.18
226	2.172	403	1.16
227	2.256	400	1.22
228	2.186	400	1.25
229	2.203	400	1.27
230	2.145	400	1.26
231	2.194	396	1.29
232	2.139	396	1.29			
234	2.337	410	1.14
235	2.350	410	1.17
236	2.337	410	1.14
237	2.324	417	1.07
238	2.338	417	1.08
239	2.336	417	1.08
240	2.358	424	1.07
241	2.357	424	1.04
242	2.358	424	1.08
243	2.349	424	1.09			
245	2.286	435	1.09
246	2.283	435	1.08
247	2.285	435	1.08
248	2.303	435	1.05
249	2.267	438	1.09
250	2.272	438	1.10
251	2.207	445	1.12
252	2.255	442	1.11
253	2.236	445	1.14
254	2.194	449	1.13
255	2.202	449	1.16
256	2.203	449	1.17
257	2.188	452	1.17
258	2.181	452	1.15			
260	2.435	421	1.17
261	2.438	417	1.22
262	2.406	417	1.30			
264	2.445	410	1.35
265	2.413	410	1.41
266	2.367	410	1.45
267	2.382	407	1.50
268	2.372	407	1.55
269	2.394	403	1.60
270	2.374	403	1.63
271	2.332	403	1.65
272	2.308	403	1.65
273	2.396	403	1.66
274	2.379	403	1.66
275	2.360	403	1.67
276	2.365	403	1.67
277	2.365	403	1.74									
281	2.229	403	1.69
282	2.324	403	1.68
283	2.335	407	1.64
284	2.348	407	1.64
