   ------------------------------------------------------------
  | Welcome to ROOT 6.12/06                http://root.cern.ch |
  |                               (c) 1995-2017, The ROOT Team |
  | Built for linuxx8664gcc                                    |
  | From tags/v6-12-06@v6-12-06, May 16 2019, 17:54:00         |
  | Try '.help', '.demo', '.license', '.credits', '.quit'/'.q' |
   ------------------------------------------------------------


Processing getXsec.C...


0  34.6685  0.0542045  2  0  0  0.00382754
0  34.6685  0.0542045  6  0  0  0.011478
0  34.6685  0.0542045  10  0  0  0.0191144
0  34.6685  0.0542045  14  0  0  0.0267276
0  34.6685  0.0542045  18  0  0  0.0343082
0  34.6685  0.0542045  22  1  1  0.0418469
0  34.6685  0.0542045  26  3  1.73205  0.0493348
0  34.6685  0.0542045  30  1  1  0.0567625
0  34.6685  0.0542045  34  2  1.41421  0.064121
0  34.6685  0.0542045  38  2  1.41421  0.0714014
0  34.6685  0.0542045  42  1  1  0.0785948
0  34.6685  0.0542045  46  0  0  0.0856925
0  34.6685  0.0542045  50  1  1  0.0926858
0  34.6685  0.0542045  54  0  0  0.0995661
0  34.6685  0.0542045  58  0  0  0.106325
0  34.6685  0.0542045  62  0  0  0.112955
0  34.6685  0.0542045  66  0  0  0.119447
0  34.6685  0.0542045  70  1  1  0.125793
0  34.6685  0.0542045  74  0  0  0.131986
0  34.6685  0.0542045  78  0  0  0.138018
0  34.6685  0.0542045  82  0  0  0.143882
0  34.6685  0.0542045  86  0  0  0.149571
0  34.6685  0.0542045  90  0  0  0.155078
0  34.6685  0.0542045  94  0  0  0.160396
0  34.6685  0.0542045  98  0  0  0.165518
0  34.6685  0.0542045  102  0  0  0.170438
0  34.6685  0.0542045  106  0  0  0.175151
0  34.6685  0.0542045  110  0  0  0.179651
0  34.6685  0.0542045  114  0  0  0.183932
0  34.6685  0.0542045  118  0  0  0.187988
0  34.6685  0.0542045  122  0  0  0.191816
0  34.6685  0.0542045  126  0  0  0.19541
0  34.6685  0.0542045  130  0  0  0.198765
0  34.6685  0.0542045  134  0  0  0.201879
0  34.6685  0.0542045  138  0  0  0.204747
0  34.6685  0.0542045  142  0  0  0.207365
0  34.6685  0.0542045  146  0  0  0.20973
0  34.6685  0.0542045  150  0  0  0.21184
0  34.6685  0.0542045  154  0  0  0.213692
0  34.6685  0.0542045  158  0  0  0.215284
0  34.6685  0.0542045  162  0  0  0.216613
0  34.6685  0.0542045  166  0  0  0.217679
0  34.6685  0.0542045  170  0  0  0.218479
0  34.6685  0.0542045  174  0  0  0.218479


10  34.4677  0.0607973  2  0  0  0.00382754
10  34.4677  0.0607973  6  0  0  0.011478
10  34.4677  0.0607973  10  0  0  0.0191144
10  34.4677  0.0607973  14  0  0  0.0267276
10  34.4677  0.0607973  18  0  0  0.0343082
10  34.4677  0.0607973  22  0  0  0.0418469
10  34.4677  0.0607973  26  3  1.73205  0.0493348
10  34.4677  0.0607973  30  2  1.41421  0.0567625
10  34.4677  0.0607973  34  1  1  0.064121
10  34.4677  0.0607973  38  2  1.41421  0.0714014
10  34.4677  0.0607973  42  2  1.41421  0.0785948
10  34.4677  0.0607973  46  0  0  0.0856925
10  34.4677  0.0607973  50  0  0  0.0926858
10  34.4677  0.0607973  54  2  1.41421  0.0995661
10  34.4677  0.0607973  58  0  0  0.106325
10  34.4677  0.0607973  62  0  0  0.112955
10  34.4677  0.0607973  66  0  0  0.119447
10  34.4677  0.0607973  70  0  0  0.125793
10  34.4677  0.0607973  74  0  0  0.131986
10  34.4677  0.0607973  78  0  0  0.138018
10  34.4677  0.0607973  82  0  0  0.143882
10  34.4677  0.0607973  86  0  0  0.149571
10  34.4677  0.0607973  90  0  0  0.155078
10  34.4677  0.0607973  94  0  0  0.160396
10  34.4677  0.0607973  98  0  0  0.165518
10  34.4677  0.0607973  102  0  0  0.170438
10  34.4677  0.0607973  106  0  0  0.175151
10  34.4677  0.0607973  110  0  0  0.179651
10  34.4677  0.0607973  114  0  0  0.183932
10  34.4677  0.0607973  118  0  0  0.187988
10  34.4677  0.0607973  122  0  0  0.191816
10  34.4677  0.0607973  126  0  0  0.19541
10  34.4677  0.0607973  130  0  0  0.198765
10  34.4677  0.0607973  134  0  0  0.201879
10  34.4677  0.0607973  138  0  0  0.204747
10  34.4677  0.0607973  142  0  0  0.207365
10  34.4677  0.0607973  146  0  0  0.20973
10  34.4677  0.0607973  150  0  0  0.21184
10  34.4677  0.0607973  154  0  0  0.213692
10  34.4677  0.0607973  158  0  0  0.215284
10  34.4677  0.0607973  162  0  0  0.216613
10  34.4677  0.0607973  166  0  0  0.217679
10  34.4677  0.0607973  170  0  0  0.218479
10  34.4677  0.0607973  174  0  0  0.218479


20  34.2025  0.0890233  2  0  0  0.00382754
20  34.2025  0.0890233  6  0  0  0.011478
20  34.2025  0.0890233  10  0  0  0.0191144
20  34.2025  0.0890233  14  0  0  0.0267276
20  34.2025  0.0890233  18  1  1  0.0343082
20  34.2025  0.0890233  22  0  0  0.0418469
20  34.2025  0.0890233  26  1  1  0.0493348
20  34.2025  0.0890233  30  2  1.41421  0.0567625
20  34.2025  0.0890233  34  2  1.41421  0.064121
20  34.2025  0.0890233  38  2  1.41421  0.0714014
20  34.2025  0.0890233  42  1  1  0.0785948
20  34.2025  0.0890233  46  0  0  0.0856925
20  34.2025  0.0890233  50  0  0  0.0926858
20  34.2025  0.0890233  54  0  0  0.0995661
20  34.2025  0.0890233  58  0  0  0.106325
20  34.2025  0.0890233  62  0  0  0.112955
20  34.2025  0.0890233  66  0  0  0.119447
20  34.2025  0.0890233  70  0  0  0.125793
20  34.2025  0.0890233  74  0  0  0.131986
20  34.2025  0.0890233  78  1  1  0.138018
20  34.2025  0.0890233  82  0  0  0.143882
20  34.2025  0.0890233  86  0  0  0.149571
20  34.2025  0.0890233  90  0  0  0.155078
20  34.2025  0.0890233  94  0  0  0.160396
20  34.2025  0.0890233  98  0  0  0.165518
20  34.2025  0.0890233  102  0  0  0.170438
20  34.2025  0.0890233  106  0  0  0.175151
20  34.2025  0.0890233  110  0  0  0.179651
20  34.2025  0.0890233  114  0  0  0.183932
20  34.2025  0.0890233  118  0  0  0.187988
20  34.2025  0.0890233  122  0  0  0.191816
20  34.2025  0.0890233  126  0  0  0.19541
20  34.2025  0.0890233  130  0  0  0.198765
20  34.2025  0.0890233  134  0  0  0.201879
20  34.2025  0.0890233  138  0  0  0.204747
20  34.2025  0.0890233  142  0  0  0.207365
20  34.2025  0.0890233  146  0  0  0.20973
20  34.2025  0.0890233  150  0  0  0.21184
20  34.2025  0.0890233  154  0  0  0.213692
20  34.2025  0.0890233  158  0  0  0.215284
20  34.2025  0.0890233  162  0  0  0.216613
20  34.2025  0.0890233  166  0  0  0.217679
20  34.2025  0.0890233  170  0  0  0.218479
20  34.2025  0.0890233  174  0  0  0.218479


30  33.9061  0  2  0  0  0.00382754
30  33.9061  0  6  0  0  0.011478
30  33.9061  0  10  0  0  0.0191144
30  33.9061  0  14  0  0  0.0267276
30  33.9061  0  18  0  0  0.0343082
30  33.9061  0  22  1  1  0.0418469
30  33.9061  0  26  0  0  0.0493348
30  33.9061  0  30  0  0  0.0567625
30  33.9061  0  34  0  0  0.064121
30  33.9061  0  38  0  0  0.0714014
30  33.9061  0  42  0  0  0.0785948
30  33.9061  0  46  1  1  0.0856925
30  33.9061  0  50  0  0  0.0926858
30  33.9061  0  54  0  0  0.0995661
30  33.9061  0  58  0  0  0.106325
30  33.9061  0  62  0  0  0.112955
30  33.9061  0  66  0  0  0.119447
30  33.9061  0  70  0  0  0.125793
30  33.9061  0  74  0  0  0.131986
30  33.9061  0  78  0  0  0.138018
30  33.9061  0  82  0  0  0.143882
30  33.9061  0  86  0  0  0.149571
30  33.9061  0  90  0  0  0.155078
30  33.9061  0  94  0  0  0.160396
30  33.9061  0  98  0  0  0.165518
30  33.9061  0  102  0  0  0.170438
30  33.9061  0  106  0  0  0.175151
30  33.9061  0  110  0  0  0.179651
30  33.9061  0  114  0  0  0.183932
30  33.9061  0  118  0  0  0.187988
30  33.9061  0  122  0  0  0.191816
30  33.9061  0  126  0  0  0.19541
30  33.9061  0  130  0  0  0.198765
30  33.9061  0  134  0  0  0.201879
30  33.9061  0  138  0  0  0.204747
30  33.9061  0  142  0  0  0.207365
30  33.9061  0  146  0  0  0.20973
30  33.9061  0  150  0  0  0.21184
30  33.9061  0  154  0  0  0.213692
30  33.9061  0  158  0  0  0.215284
30  33.9061  0  162  0  0  0.216613
30  33.9061  0  166  0  0  0.217679
30  33.9061  0  170  0  0  0.218479
30  33.9061  0  174  0  0  0.218479


40  32.9914  0  2  0  0  0.00382754
40  32.9914  0  6  0  0  0.011478
40  32.9914  0  10  0  0  0.0191144
40  32.9914  0  14  0  0  0.0267276
40  32.9914  0  18  0  0  0.0343082
40  32.9914  0  22  0  0  0.0418469
40  32.9914  0  26  0  0  0.0493348
40  32.9914  0  30  0  0  0.0567625
40  32.9914  0  34  0  0  0.064121
40  32.9914  0  38  0  0  0.0714014
40  32.9914  0  42  0  0  0.0785948
40  32.9914  0  46  0  0  0.0856925
40  32.9914  0  50  0  0  0.0926858
40  32.9914  0  54  0  0  0.0995661
40  32.9914  0  58  0  0  0.106325
40  32.9914  0  62  0  0  0.112955
40  32.9914  0  66  0  0  0.119447
40  32.9914  0  70  0  0  0.125793
40  32.9914  0  74  0  0  0.131986
40  32.9914  0  78  0  0  0.138018
40  32.9914  0  82  0  0  0.143882
40  32.9914  0  86  0  0  0.149571
40  32.9914  0  90  1  1  0.155078
40  32.9914  0  94  0  0  0.160396
40  32.9914  0  98  0  0  0.165518
40  32.9914  0  102  0  0  0.170438
40  32.9914  0  106  0  0  0.175151
40  32.9914  0  110  0  0  0.179651
40  32.9914  0  114  0  0  0.183932
40  32.9914  0  118  0  0  0.187988
40  32.9914  0  122  0  0  0.191816
40  32.9914  0  126  0  0  0.19541
40  32.9914  0  130  0  0  0.198765
40  32.9914  0  134  0  0  0.201879
40  32.9914  0  138  0  0  0.204747
40  32.9914  0  142  0  0  0.207365
40  32.9914  0  146  0  0  0.20973
40  32.9914  0  150  0  0  0.21184
40  32.9914  0  154  0  0  0.213692
40  32.9914  0  158  0  0  0.215284
40  32.9914  0  162  0  0  0.216613
40  32.9914  0  166  0  0  0.217679
40  32.9914  0  170  0  0  0.218479
40  32.9914  0  174  0  0  0.218479


50  0  0  2  0  0  0.00382754
50  0  0  6  0  0  0.011478
50  0  0  10  0  0  0.0191144
50  0  0  14  0  0  0.0267276
50  0  0  18  0  0  0.0343082
50  0  0  22  0  0  0.0418469
50  0  0  26  0  0  0.0493348
50  0  0  30  0  0  0.0567625
50  0  0  34  0  0  0.064121
50  0  0  38  0  0  0.0714014
50  0  0  42  0  0  0.0785948
50  0  0  46  0  0  0.0856925
50  0  0  50  0  0  0.0926858
50  0  0  54  0  0  0.0995661
50  0  0  58  0  0  0.106325
50  0  0  62  0  0  0.112955
50  0  0  66  0  0  0.119447
50  0  0  70  0  0  0.125793
50  0  0  74  1  1  0.131986
50  0  0  78  0  0  0.138018
50  0  0  82  0  0  0.143882
50  0  0  86  0  0  0.149571
50  0  0  90  0  0  0.155078
50  0  0  94  0  0  0.160396
50  0  0  98  0  0  0.165518
50  0  0  102  0  0  0.170438
50  0  0  106  0  0  0.175151
50  0  0  110  0  0  0.179651
50  0  0  114  0  0  0.183932
50  0  0  118  0  0  0.187988
50  0  0  122  0  0  0.191816
50  0  0  126  0  0  0.19541
50  0  0  130  0  0  0.198765
50  0  0  134  0  0  0.201879
50  0  0  138  0  0  0.204747
50  0  0  142  0  0  0.207365
50  0  0  146  0  0  0.20973
50  0  0  150  0  0  0.21184
50  0  0  154  0  0  0.213692
50  0  0  158  0  0  0.215284
50  0  0  162  0  0  0.216613
50  0  0  166  0  0  0.217679
50  0  0  170  0  0  0.218479
50  0  0  174  0  0  0.218479


60  31.02  0.176225  2  0  0  0.00382754
60  31.02  0.176225  6  0  0  0.011478
60  31.02  0.176225  10  0  0  0.0191144
60  31.02  0.176225  14  0  0  0.0267276
60  31.02  0.176225  18  0  0  0.0343082
60  31.02  0.176225  22  0  0  0.0418469
60  31.02  0.176225  26  0  0  0.0493348
60  31.02  0.176225  30  0  0  0.0567625
60  31.02  0.176225  34  0  0  0.064121
60  31.02  0.176225  38  1  1  0.0714014
60  31.02  0.176225  42  0  0  0.0785948
60  31.02  0.176225  46  0  0  0.0856925
60  31.02  0.176225  50  0  0  0.0926858
60  31.02  0.176225  54  0  0  0.0995661
60  31.02  0.176225  58  1  1  0.106325
60  31.02  0.176225  62  0  0  0.112955
60  31.02  0.176225  66  0  0  0.119447
60  31.02  0.176225  70  0  0  0.125793
60  31.02  0.176225  74  0  0  0.131986
60  31.02  0.176225  78  0  0  0.138018
60  31.02  0.176225  82  0  0  0.143882
60  31.02  0.176225  86  0  0  0.149571
60  31.02  0.176225  90  0  0  0.155078
60  31.02  0.176225  94  0  0  0.160396
60  31.02  0.176225  98  0  0  0.165518
60  31.02  0.176225  102  0  0  0.170438
60  31.02  0.176225  106  0  0  0.175151
60  31.02  0.176225  110  0  0  0.179651
60  31.02  0.176225  114  0  0  0.183932
60  31.02  0.176225  118  0  0  0.187988
60  31.02  0.176225  122  0  0  0.191816
60  31.02  0.176225  126  0  0  0.19541
60  31.02  0.176225  130  0  0  0.198765
60  31.02  0.176225  134  1  1  0.201879
60  31.02  0.176225  138  0  0  0.204747
60  31.02  0.176225  142  0  0  0.207365
60  31.02  0.176225  146  0  0  0.20973
60  31.02  0.176225  150  0  0  0.21184
60  31.02  0.176225  154  0  0  0.213692
60  31.02  0.176225  158  0  0  0.215284
60  31.02  0.176225  162  0  0  0.216613
60  31.02  0.176225  166  0  0  0.217679
60  31.02  0.176225  170  0  0  0.218479
60  31.02  0.176225  174  0  0  0.218479


70  30.0893  0.342507  2  0  0  0.00382754
70  30.0893  0.342507  6  0  0  0.011478
70  30.0893  0.342507  10  0  0  0.0191144
70  30.0893  0.342507  14  0  0  0.0267276
70  30.0893  0.342507  18  2  1.41421  0.0343082
70  30.0893  0.342507  22  12  3.4641  0.0418469
70  30.0893  0.342507  26  21  4.58258  0.0493348
70  30.0893  0.342507  30  21  4.58258  0.0567625
70  30.0893  0.342507  34  15  3.87298  0.064121
70  30.0893  0.342507  38  11  3.31662  0.0714014
70  30.0893  0.342507  42  5  2.23607  0.0785948
70  30.0893  0.342507  46  5  2.23607  0.0856925
70  30.0893  0.342507  50  2  1.41421  0.0926858
70  30.0893  0.342507  54  2  1.41421  0.0995661
70  30.0893  0.342507  58  3  1.73205  0.106325
70  30.0893  0.342507  62  1  1  0.112955
70  30.0893  0.342507  66  0  0  0.119447
70  30.0893  0.342507  70  0  0  0.125793
70  30.0893  0.342507  74  0  0  0.131986
70  30.0893  0.342507  78  0  0  0.138018
70  30.0893  0.342507  82  0  0  0.143882
70  30.0893  0.342507  86  0  0  0.149571
70  30.0893  0.342507  90  0  0  0.155078
70  30.0893  0.342507  94  0  0  0.160396
70  30.0893  0.342507  98  0  0  0.165518
70  30.0893  0.342507  102  0  0  0.170438
70  30.0893  0.342507  106  0  0  0.175151
70  30.0893  0.342507  110  0  0  0.179651
70  30.0893  0.342507  114  0  0  0.183932
70  30.0893  0.342507  118  0  0  0.187988
70  30.0893  0.342507  122  0  0  0.191816
70  30.0893  0.342507  126  0  0  0.19541
70  30.0893  0.342507  130  0  0  0.198765
70  30.0893  0.342507  134  0  0  0.201879
70  30.0893  0.342507  138  0  0  0.204747
70  30.0893  0.342507  142  0  0  0.207365
70  30.0893  0.342507  146  0  0  0.20973
70  30.0893  0.342507  150  0  0  0.21184
70  30.0893  0.342507  154  0  0  0.213692
70  30.0893  0.342507  158  0  0  0.215284
70  30.0893  0.342507  162  0  0  0.216613
70  30.0893  0.342507  166  0  0  0.217679
70  30.0893  0.342507  170  0  0  0.218479
70  30.0893  0.342507  174  0  0  0.218479


80  28.8581  0.359165  2  0  0  0.00382754
80  28.8581  0.359165  6  0  0  0.011478
80  28.8581  0.359165  10  0  0  0.0191144
80  28.8581  0.359165  14  2  1.41421  0.0267276
80  28.8581  0.359165  18  3  1.73205  0.0343082
80  28.8581  0.359165  22  16  4  0.0418469
80  28.8581  0.359165  26  17  4.12311  0.0493348
80  28.8581  0.359165  30  12  3.4641  0.0567625
80  28.8581  0.359165  34  13  3.60555  0.064121
80  28.8581  0.359165  38  9  3  0.0714014
80  28.8581  0.359165  42  11  3.31662  0.0785948
80  28.8581  0.359165  46  4  2  0.0856925
80  28.8581  0.359165  50  11  3.31662  0.0926858
80  28.8581  0.359165  54  4  2  0.0995661
80  28.8581  0.359165  58  3  1.73205  0.106325
80  28.8581  0.359165  62  0  0  0.112955
80  28.8581  0.359165  66  1  1  0.119447
80  28.8581  0.359165  70  1  1  0.125793
80  28.8581  0.359165  74  0  0  0.131986
80  28.8581  0.359165  78  0  0  0.138018
80  28.8581  0.359165  82  0  0  0.143882
80  28.8581  0.359165  86  0  0  0.149571
80  28.8581  0.359165  90  1  1  0.155078
80  28.8581  0.359165  94  0  0  0.160396
80  28.8581  0.359165  98  0  0  0.165518
80  28.8581  0.359165  102  0  0  0.170438
80  28.8581  0.359165  106  0  0  0.175151
80  28.8581  0.359165  110  0  0  0.179651
80  28.8581  0.359165  114  0  0  0.183932
80  28.8581  0.359165  118  0  0  0.187988
80  28.8581  0.359165  122  0  0  0.191816
80  28.8581  0.359165  126  0  0  0.19541
80  28.8581  0.359165  130  1  1  0.198765
80  28.8581  0.359165  134  0  0  0.201879
80  28.8581  0.359165  138  0  0  0.204747
80  28.8581  0.359165  142  0  0  0.207365
80  28.8581  0.359165  146  0  0  0.20973
80  28.8581  0.359165  150  0  0  0.21184
80  28.8581  0.359165  154  0  0  0.213692
80  28.8581  0.359165  158  0  0  0.215284
80  28.8581  0.359165  162  0  0  0.216613
80  28.8581  0.359165  166  0  0  0.217679
80  28.8581  0.359165  170  0  0  0.218479
80  28.8581  0.359165  174  0  0  0.218479


90  27.5882  0.369624  2  0  0  0.00382754
90  27.5882  0.369624  6  0  0  0.011478
90  27.5882  0.369624  10  0  0  0.0191144
90  27.5882  0.369624  14  1  1  0.0267276
90  27.5882  0.369624  18  2  1.41421  0.0343082
90  27.5882  0.369624  22  9  3  0.0418469
90  27.5882  0.369624  26  19  4.3589  0.0493348
90  27.5882  0.369624  30  23  4.79583  0.0567625
90  27.5882  0.369624  34  18  4.24264  0.064121
90  27.5882  0.369624  38  10  3.16228  0.0714014
90  27.5882  0.369624  42  6  2.44949  0.0785948
90  27.5882  0.369624  46  6  2.44949  0.0856925
90  27.5882  0.369624  50  6  2.44949  0.0926858
90  27.5882  0.369624  54  4  2  0.0995661
90  27.5882  0.369624  58  2  1.41421  0.106325
90  27.5882  0.369624  62  0  0  0.112955
90  27.5882  0.369624  66  0  0  0.119447
90  27.5882  0.369624  70  0  0  0.125793
90  27.5882  0.369624  74  0  0  0.131986
90  27.5882  0.369624  78  0  0  0.138018
90  27.5882  0.369624  82  1  1  0.143882
90  27.5882  0.369624  86  0  0  0.149571
90  27.5882  0.369624  90  0  0  0.155078
90  27.5882  0.369624  94  0  0  0.160396
90  27.5882  0.369624  98  0  0  0.165518
90  27.5882  0.369624  102  0  0  0.170438
90  27.5882  0.369624  106  0  0  0.175151
90  27.5882  0.369624  110  0  0  0.179651
90  27.5882  0.369624  114  0  0  0.183932
90  27.5882  0.369624  118  0  0  0.187988
90  27.5882  0.369624  122  0  0  0.191816
90  27.5882  0.369624  126  0  0  0.19541
90  27.5882  0.369624  130  0  0  0.198765
90  27.5882  0.369624  134  0  0  0.201879
90  27.5882  0.369624  138  0  0  0.204747
90  27.5882  0.369624  142  0  0  0.207365
90  27.5882  0.369624  146  0  0  0.20973
90  27.5882  0.369624  150  0  0  0.21184
90  27.5882  0.369624  154  0  0  0.213692
90  27.5882  0.369624  158  0  0  0.215284
90  27.5882  0.369624  162  0  0  0.216613
90  27.5882  0.369624  166  0  0  0.217679
90  27.5882  0.369624  170  0  0  0.218479
90  27.5882  0.369624  174  0  0  0.218479


100  26.3355  0.359689  2  0  0  0.00382754
100  26.3355  0.359689  6  0  0  0.011478
100  26.3355  0.359689  10  0  0  0.0191144
100  26.3355  0.359689  14  1  1  0.0267276
100  26.3355  0.359689  18  4  2  0.0343082
100  26.3355  0.359689  22  13  3.60555  0.0418469
100  26.3355  0.359689  26  19  4.3589  0.0493348
100  26.3355  0.359689  30  16  4  0.0567625
100  26.3355  0.359689  34  14  3.74166  0.064121
100  26.3355  0.359689  38  16  4  0.0714014
100  26.3355  0.359689  42  11  3.31662  0.0785948
100  26.3355  0.359689  46  11  3.31662  0.0856925
100  26.3355  0.359689  50  7  2.64575  0.0926858
100  26.3355  0.359689  54  5  2.23607  0.0995661
100  26.3355  0.359689  58  6  2.44949  0.106325
100  26.3355  0.359689  62  1  1  0.112955
100  26.3355  0.359689  66  1  1  0.119447
100  26.3355  0.359689  70  0  0  0.125793
100  26.3355  0.359689  74  0  0  0.131986
100  26.3355  0.359689  78  0  0  0.138018
100  26.3355  0.359689  82  0  0  0.143882
100  26.3355  0.359689  86  0  0  0.149571
100  26.3355  0.359689  90  0  0  0.155078
100  26.3355  0.359689  94  0  0  0.160396
100  26.3355  0.359689  98  0  0  0.165518
100  26.3355  0.359689  102  1  1  0.170438
100  26.3355  0.359689  106  0  0  0.175151
100  26.3355  0.359689  110  0  0  0.179651
100  26.3355  0.359689  114  0  0  0.183932
100  26.3355  0.359689  118  0  0  0.187988
100  26.3355  0.359689  122  0  0  0.191816
100  26.3355  0.359689  126  0  0  0.19541
100  26.3355  0.359689  130  0  0  0.198765
100  26.3355  0.359689  134  0  0  0.201879
100  26.3355  0.359689  138  0  0  0.204747
100  26.3355  0.359689  142  0  0  0.207365
100  26.3355  0.359689  146  0  0  0.20973
100  26.3355  0.359689  150  0  0  0.21184
100  26.3355  0.359689  154  0  0  0.213692
100  26.3355  0.359689  158  0  0  0.215284
100  26.3355  0.359689  162  0  0  0.216613
100  26.3355  0.359689  166  0  0  0.217679
100  26.3355  0.359689  170  0  0  0.218479
100  26.3355  0.359689  174  0  0  0.218479


110  25.1179  0.362749  2  0  0  0.00382754
110  25.1179  0.362749  6  0  0  0.011478
110  25.1179  0.362749  10  0  0  0.0191144
110  25.1179  0.362749  14  2  1.41421  0.0267276
110  25.1179  0.362749  18  3  1.73205  0.0343082
110  25.1179  0.362749  22  15  3.87298  0.0418469
110  25.1179  0.362749  26  20  4.47214  0.0493348
110  25.1179  0.362749  30  17  4.12311  0.0567625
110  25.1179  0.362749  34  16  4  0.064121
110  25.1179  0.362749  38  22  4.69042  0.0714014
110  25.1179  0.362749  42  10  3.16228  0.0785948
110  25.1179  0.362749  46  15  3.87298  0.0856925
110  25.1179  0.362749  50  6  2.44949  0.0926858
110  25.1179  0.362749  54  4  2  0.0995661
110  25.1179  0.362749  58  6  2.44949  0.106325
110  25.1179  0.362749  62  0  0  0.112955
110  25.1179  0.362749  66  0  0  0.119447
110  25.1179  0.362749  70  0  0  0.125793
110  25.1179  0.362749  74  0  0  0.131986
110  25.1179  0.362749  78  0  0  0.138018
110  25.1179  0.362749  82  0  0  0.143882
110  25.1179  0.362749  86  0  0  0.149571
110  25.1179  0.362749  90  0  0  0.155078
110  25.1179  0.362749  94  0  0  0.160396
110  25.1179  0.362749  98  0  0  0.165518
110  25.1179  0.362749  102  0  0  0.170438
110  25.1179  0.362749  106  0  0  0.175151
110  25.1179  0.362749  110  0  0  0.179651
110  25.1179  0.362749  114  0  0  0.183932
110  25.1179  0.362749  118  0  0  0.187988
110  25.1179  0.362749  122  0  0  0.191816
110  25.1179  0.362749  126  0  0  0.19541
110  25.1179  0.362749  130  0  0  0.198765
110  25.1179  0.362749  134  0  0  0.201879
110  25.1179  0.362749  138  0  0  0.204747
110  25.1179  0.362749  142  0  0  0.207365
110  25.1179  0.362749  146  0  0  0.20973
110  25.1179  0.362749  150  0  0  0.21184
110  25.1179  0.362749  154  0  0  0.213692
110  25.1179  0.362749  158  0  0  0.215284
110  25.1179  0.362749  162  0  0  0.216613
110  25.1179  0.362749  166  0  0  0.217679
110  25.1179  0.362749  170  0  0  0.218479
110  25.1179  0.362749  174  0  0  0.218479


120  23.8098  0.361004  2  0  0  0.00382754
120  23.8098  0.361004  6  0  0  0.011478
120  23.8098  0.361004  10  0  0  0.0191144
120  23.8098  0.361004  14  1  1  0.0267276
120  23.8098  0.361004  18  3  1.73205  0.0343082
120  23.8098  0.361004  22  11  3.31662  0.0418469
120  23.8098  0.361004  26  17  4.12311  0.0493348
120  23.8098  0.361004  30  15  3.87298  0.0567625
120  23.8098  0.361004  34  25  5  0.064121
120  23.8098  0.361004  38  20  4.47214  0.0714014
120  23.8098  0.361004  42  12  3.4641  0.0785948
120  23.8098  0.361004  46  13  3.60555  0.0856925
120  23.8098  0.361004  50  20  4.47214  0.0926858
120  23.8098  0.361004  54  8  2.82843  0.0995661
120  23.8098  0.361004  58  1  1  0.106325
120  23.8098  0.361004  62  0  0  0.112955
120  23.8098  0.361004  66  0  0  0.119447
120  23.8098  0.361004  70  0  0  0.125793
120  23.8098  0.361004  74  0  0  0.131986
120  23.8098  0.361004  78  1  1  0.138018
120  23.8098  0.361004  82  0  0  0.143882
120  23.8098  0.361004  86  0  0  0.149571
120  23.8098  0.361004  90  0  0  0.155078
120  23.8098  0.361004  94  1  1  0.160396
120  23.8098  0.361004  98  0  0  0.165518
120  23.8098  0.361004  102  0  0  0.170438
120  23.8098  0.361004  106  0  0  0.175151
120  23.8098  0.361004  110  0  0  0.179651
120  23.8098  0.361004  114  0  0  0.183932
120  23.8098  0.361004  118  0  0  0.187988
120  23.8098  0.361004  122  0  0  0.191816
120  23.8098  0.361004  126  0  0  0.19541
120  23.8098  0.361004  130  0  0  0.198765
120  23.8098  0.361004  134  0  0  0.201879
120  23.8098  0.361004  138  0  0  0.204747
120  23.8098  0.361004  142  0  0  0.207365
120  23.8098  0.361004  146  0  0  0.20973
120  23.8098  0.361004  150  0  0  0.21184
120  23.8098  0.361004  154  0  0  0.213692
120  23.8098  0.361004  158  0  0  0.215284
120  23.8098  0.361004  162  0  0  0.216613
120  23.8098  0.361004  166  0  0  0.217679
120  23.8098  0.361004  170  0  0  0.218479
120  23.8098  0.361004  174  0  0  0.218479


130  22.6076  0.35214  2  0  0  0.00382754
130  22.6076  0.35214  6  0  0  0.011478
130  22.6076  0.35214  10  0  0  0.0191144
130  22.6076  0.35214  14  1  1  0.0267276
130  22.6076  0.35214  18  4  2  0.0343082
130  22.6076  0.35214  22  6  2.44949  0.0418469
130  22.6076  0.35214  26  18  4.24264  0.0493348
130  22.6076  0.35214  30  16  4  0.0567625
130  22.6076  0.35214  34  19  4.3589  0.064121
130  22.6076  0.35214  38  24  4.89898  0.0714014
130  22.6076  0.35214  42  9  3  0.0785948
130  22.6076  0.35214  46  23  4.79583  0.0856925
130  22.6076  0.35214  50  8  2.82843  0.0926858
130  22.6076  0.35214  54  6  2.44949  0.0995661
130  22.6076  0.35214  58  6  2.44949  0.106325
130  22.6076  0.35214  62  0  0  0.112955
130  22.6076  0.35214  66  0  0  0.119447
130  22.6076  0.35214  70  0  0  0.125793
130  22.6076  0.35214  74  0  0  0.131986
130  22.6076  0.35214  78  0  0  0.138018
130  22.6076  0.35214  82  0  0  0.143882
130  22.6076  0.35214  86  0  0  0.149571
130  22.6076  0.35214  90  0  0  0.155078
130  22.6076  0.35214  94  0  0  0.160396
130  22.6076  0.35214  98  0  0  0.165518
130  22.6076  0.35214  102  0  0  0.170438
130  22.6076  0.35214  106  0  0  0.175151
130  22.6076  0.35214  110  0  0  0.179651
130  22.6076  0.35214  114  0  0  0.183932
130  22.6076  0.35214  118  0  0  0.187988
130  22.6076  0.35214  122  0  0  0.191816
130  22.6076  0.35214  126  0  0  0.19541
130  22.6076  0.35214  130  0  0  0.198765
130  22.6076  0.35214  134  0  0  0.201879
130  22.6076  0.35214  138  0  0  0.204747
130  22.6076  0.35214  142  0  0  0.207365
130  22.6076  0.35214  146  0  0  0.20973
130  22.6076  0.35214  150  1  1  0.21184
130  22.6076  0.35214  154  0  0  0.213692
130  22.6076  0.35214  158  0  0  0.215284
130  22.6076  0.35214  162  0  0  0.216613
130  22.6076  0.35214  166  0  0  0.217679
130  22.6076  0.35214  170  0  0  0.218479
130  22.6076  0.35214  174  0  0  0.218479


140  21.3949  0.344723  2  0  0  0.00382754
140  21.3949  0.344723  6  0  0  0.011478
140  21.3949  0.344723  10  0  0  0.0191144
140  21.3949  0.344723  14  0  0  0.0267276
140  21.3949  0.344723  18  3  1.73205  0.0343082
140  21.3949  0.344723  22  6  2.44949  0.0418469
140  21.3949  0.344723  26  17  4.12311  0.0493348
140  21.3949  0.344723  30  24  4.89898  0.0567625
140  21.3949  0.344723  34  13  3.60555  0.064121
140  21.3949  0.344723  38  13  3.60555  0.0714014
140  21.3949  0.344723  42  19  4.3589  0.0785948
140  21.3949  0.344723  46  30  5.47723  0.0856925
140  21.3949  0.344723  50  18  4.24264  0.0926858
140  21.3949  0.344723  54  3  1.73205  0.0995661
140  21.3949  0.344723  58  3  1.73205  0.106325
140  21.3949  0.344723  62  0  0  0.112955
140  21.3949  0.344723  66  1  1  0.119447
140  21.3949  0.344723  70  1  1  0.125793
140  21.3949  0.344723  74  0  0  0.131986
140  21.3949  0.344723  78  0  0  0.138018
140  21.3949  0.344723  82  0  0  0.143882
140  21.3949  0.344723  86  0  0  0.149571
140  21.3949  0.344723  90  0  0  0.155078
140  21.3949  0.344723  94  0  0  0.160396
140  21.3949  0.344723  98  0  0  0.165518
140  21.3949  0.344723  102  0  0  0.170438
140  21.3949  0.344723  106  0  0  0.175151
140  21.3949  0.344723  110  0  0  0.179651
140  21.3949  0.344723  114  0  0  0.183932
140  21.3949  0.344723  118  0  0  0.187988
140  21.3949  0.344723  122  0  0  0.191816
140  21.3949  0.344723  126  1  1  0.19541
140  21.3949  0.344723  130  0  0  0.198765
140  21.3949  0.344723  134  0  0  0.201879
140  21.3949  0.344723  138  0  0  0.204747
140  21.3949  0.344723  142  0  0  0.207365
140  21.3949  0.344723  146  0  0  0.20973
140  21.3949  0.344723  150  1  1  0.21184
140  21.3949  0.344723  154  0  0  0.213692
140  21.3949  0.344723  158  0  0  0.215284
140  21.3949  0.344723  162  0  0  0.216613
140  21.3949  0.344723  166  0  0  0.217679
140  21.3949  0.344723  170  0  0  0.218479
140  21.3949  0.344723  174  0  0  0.218479


150  20.1965  0.346328  2  0  0  0.00382754
150  20.1965  0.346328  6  0  0  0.011478
150  20.1965  0.346328  10  0  0  0.0191144
150  20.1965  0.346328  14  0  0  0.0267276
150  20.1965  0.346328  18  0  0  0.0343082
150  20.1965  0.346328  22  11  3.31662  0.0418469
150  20.1965  0.346328  26  13  3.60555  0.0493348
150  20.1965  0.346328  30  14  3.74166  0.0567625
150  20.1965  0.346328  34  24  4.89898  0.064121
150  20.1965  0.346328  38  24  4.89898  0.0714014
150  20.1965  0.346328  42  25  5  0.0785948
150  20.1965  0.346328  46  23  4.79583  0.0856925
150  20.1965  0.346328  50  9  3  0.0926858
150  20.1965  0.346328  54  7  2.64575  0.0995661
150  20.1965  0.346328  58  2  1.41421  0.106325
150  20.1965  0.346328  62  0  0  0.112955
150  20.1965  0.346328  66  0  0  0.119447
150  20.1965  0.346328  70  0  0  0.125793
150  20.1965  0.346328  74  0  0  0.131986
150  20.1965  0.346328  78  0  0  0.138018
150  20.1965  0.346328  82  0  0  0.143882
150  20.1965  0.346328  86  0  0  0.149571
150  20.1965  0.346328  90  0  0  0.155078
150  20.1965  0.346328  94  1  1  0.160396
150  20.1965  0.346328  98  0  0  0.165518
150  20.1965  0.346328  102  0  0  0.170438
150  20.1965  0.346328  106  0  0  0.175151
150  20.1965  0.346328  110  0  0  0.179651
150  20.1965  0.346328  114  0  0  0.183932
150  20.1965  0.346328  118  0  0  0.187988
150  20.1965  0.346328  122  0  0  0.191816
150  20.1965  0.346328  126  0  0  0.19541
150  20.1965  0.346328  130  0  0  0.198765
150  20.1965  0.346328  134  0  0  0.201879
150  20.1965  0.346328  138  0  0  0.204747
150  20.1965  0.346328  142  0  0  0.207365
150  20.1965  0.346328  146  1  1  0.20973
150  20.1965  0.346328  150  0  0  0.21184
150  20.1965  0.346328  154  0  0  0.213692
150  20.1965  0.346328  158  0  0  0.215284
150  20.1965  0.346328  162  0  0  0.216613
150  20.1965  0.346328  166  0  0  0.217679
150  20.1965  0.346328  170  0  0  0.218479
150  20.1965  0.346328  174  0  0  0.218479


160  19.0235  0.324321  2  0  0  0.00382754
160  19.0235  0.324321  6  0  0  0.011478
160  19.0235  0.324321  10  0  0  0.0191144
160  19.0235  0.324321  14  0  0  0.0267276
160  19.0235  0.324321  18  2  1.41421  0.0343082
160  19.0235  0.324321  22  10  3.16228  0.0418469
160  19.0235  0.324321  26  23  4.79583  0.0493348
160  19.0235  0.324321  30  21  4.58258  0.0567625
160  19.0235  0.324321  34  22  4.69042  0.064121
160  19.0235  0.324321  38  22  4.69042  0.0714014
160  19.0235  0.324321  42  34  5.83095  0.0785948
160  19.0235  0.324321  46  22  4.69042  0.0856925
160  19.0235  0.324321  50  10  3.16228  0.0926858
160  19.0235  0.324321  54  6  2.44949  0.0995661
160  19.0235  0.324321  58  1  1  0.106325
160  19.0235  0.324321  62  0  0  0.112955
160  19.0235  0.324321  66  0  0  0.119447
160  19.0235  0.324321  70  0  0  0.125793
160  19.0235  0.324321  74  0  0  0.131986
160  19.0235  0.324321  78  0  0  0.138018
160  19.0235  0.324321  82  0  0  0.143882
160  19.0235  0.324321  86  0  0  0.149571
160  19.0235  0.324321  90  0  0  0.155078
160  19.0235  0.324321  94  1  1  0.160396
160  19.0235  0.324321  98  0  0  0.165518
160  19.0235  0.324321  102  0  0  0.170438
160  19.0235  0.324321  106  1  1  0.175151
160  19.0235  0.324321  110  0  0  0.179651
160  19.0235  0.324321  114  0  0  0.183932
160  19.0235  0.324321  118  0  0  0.187988
160  19.0235  0.324321  122  0  0  0.191816
160  19.0235  0.324321  126  0  0  0.19541
160  19.0235  0.324321  130  0  0  0.198765
160  19.0235  0.324321  134  0  0  0.201879
160  19.0235  0.324321  138  0  0  0.204747
160  19.0235  0.324321  142  1  1  0.207365
160  19.0235  0.324321  146  0  0  0.20973
160  19.0235  0.324321  150  0  0  0.21184
160  19.0235  0.324321  154  0  0  0.213692
160  19.0235  0.324321  158  0  0  0.215284
160  19.0235  0.324321  162  0  0  0.216613
160  19.0235  0.324321  166  0  0  0.217679
160  19.0235  0.324321  170  0  0  0.218479
160  19.0235  0.324321  174  0  0  0.218479


170  17.899  0.321211  2  0  0  0.00382754
170  17.899  0.321211  6  0  0  0.011478
170  17.899  0.321211  10  0  0  0.0191144
170  17.899  0.321211  14  0  0  0.0267276
170  17.899  0.321211  18  1  1  0.0343082
170  17.899  0.321211  22  8  2.82843  0.0418469
170  17.899  0.321211  26  16  4  0.0493348
170  17.899  0.321211  30  26  5.09902  0.0567625
170  17.899  0.321211  34  36  6  0.064121
170  17.899  0.321211  38  24  4.89898  0.0714014
170  17.899  0.321211  42  17  4.12311  0.0785948
170  17.899  0.321211  46  23  4.79583  0.0856925
170  17.899  0.321211  50  17  4.12311  0.0926858
170  17.899  0.321211  54  3  1.73205  0.0995661
170  17.899  0.321211  58  0  0  0.106325
170  17.899  0.321211  62  0  0  0.112955
170  17.899  0.321211  66  0  0  0.119447
170  17.899  0.321211  70  0  0  0.125793
170  17.899  0.321211  74  0  0  0.131986
170  17.899  0.321211  78  1  1  0.138018
170  17.899  0.321211  82  1  1  0.143882
170  17.899  0.321211  86  0  0  0.149571
170  17.899  0.321211  90  1  1  0.155078
170  17.899  0.321211  94  0  0  0.160396
170  17.899  0.321211  98  0  0  0.165518
170  17.899  0.321211  102  0  0  0.170438
170  17.899  0.321211  106  0  0  0.175151
170  17.899  0.321211  110  0  0  0.179651
170  17.899  0.321211  114  1  1  0.183932
170  17.899  0.321211  118  0  0  0.187988
170  17.899  0.321211  122  0  0  0.191816
170  17.899  0.321211  126  0  0  0.19541
170  17.899  0.321211  130  0  0  0.198765
170  17.899  0.321211  134  0  0  0.201879
170  17.899  0.321211  138  0  0  0.204747
170  17.899  0.321211  142  0  0  0.207365
170  17.899  0.321211  146  0  0  0.20973
170  17.899  0.321211  150  0  0  0.21184
170  17.899  0.321211  154  0  0  0.213692
170  17.899  0.321211  158  0  0  0.215284
170  17.899  0.321211  162  0  0  0.216613
170  17.899  0.321211  166  0  0  0.217679
170  17.899  0.321211  170  0  0  0.218479
170  17.899  0.321211  174  0  0  0.218479


180  16.8069  0.317452  2  0  0  0.00382754
180  16.8069  0.317452  6  0  0  0.011478
180  16.8069  0.317452  10  0  0  0.0191144
180  16.8069  0.317452  14  0  0  0.0267276
180  16.8069  0.317452  18  1  1  0.0343082
180  16.8069  0.317452  22  6  2.44949  0.0418469
180  16.8069  0.317452  26  13  3.60555  0.0493348
180  16.8069  0.317452  30  25  5  0.0567625
180  16.8069  0.317452  34  30  5.47723  0.064121
180  16.8069  0.317452  38  35  5.91608  0.0714014
180  16.8069  0.317452  42  28  5.2915  0.0785948
180  16.8069  0.317452  46  17  4.12311  0.0856925
180  16.8069  0.317452  50  9  3  0.0926858
180  16.8069  0.317452  54  2  1.41421  0.0995661
180  16.8069  0.317452  58  0  0  0.106325
180  16.8069  0.317452  62  0  0  0.112955
180  16.8069  0.317452  66  0  0  0.119447
180  16.8069  0.317452  70  0  0  0.125793
180  16.8069  0.317452  74  1  1  0.131986
180  16.8069  0.317452  78  0  0  0.138018
180  16.8069  0.317452  82  0  0  0.143882
180  16.8069  0.317452  86  0  0  0.149571
180  16.8069  0.317452  90  1  1  0.155078
180  16.8069  0.317452  94  0  0  0.160396
180  16.8069  0.317452  98  0  0  0.165518
180  16.8069  0.317452  102  0  0  0.170438
180  16.8069  0.317452  106  0  0  0.175151
180  16.8069  0.317452  110  0  0  0.179651
180  16.8069  0.317452  114  0  0  0.183932
180  16.8069  0.317452  118  0  0  0.187988
180  16.8069  0.317452  122  0  0  0.191816
180  16.8069  0.317452  126  0  0  0.19541
180  16.8069  0.317452  130  0  0  0.198765
180  16.8069  0.317452  134  0  0  0.201879
180  16.8069  0.317452  138  0  0  0.204747
180  16.8069  0.317452  142  0  0  0.207365
180  16.8069  0.317452  146  0  0  0.20973
180  16.8069  0.317452  150  0  0  0.21184
180  16.8069  0.317452  154  0  0  0.213692
180  16.8069  0.317452  158  0  0  0.215284
180  16.8069  0.317452  162  0  0  0.216613
180  16.8069  0.317452  166  0  0  0.217679
180  16.8069  0.317452  170  0  0  0.218479
180  16.8069  0.317452  174  0  0  0.218479


190  15.7342  0.316411  2  0  0  0.00382754
190  15.7342  0.316411  6  0  0  0.011478
190  15.7342  0.316411  10  0  0  0.0191144
190  15.7342  0.316411  14  0  0  0.0267276
190  15.7342  0.316411  18  0  0  0.0343082
190  15.7342  0.316411  22  3  1.73205  0.0418469
190  15.7342  0.316411  26  13  3.60555  0.0493348
190  15.7342  0.316411  30  21  4.58258  0.0567625
190  15.7342  0.316411  34  26  5.09902  0.064121
190  15.7342  0.316411  38  24  4.89898  0.0714014
190  15.7342  0.316411  42  24  4.89898  0.0785948
190  15.7342  0.316411  46  18  4.24264  0.0856925
190  15.7342  0.316411  50  9  3  0.0926858
190  15.7342  0.316411  54  2  1.41421  0.0995661
190  15.7342  0.316411  58  0  0  0.106325
190  15.7342  0.316411  62  1  1  0.112955
190  15.7342  0.316411  66  0  0  0.119447
190  15.7342  0.316411  70  0  0  0.125793
190  15.7342  0.316411  74  0  0  0.131986
190  15.7342  0.316411  78  0  0  0.138018
190  15.7342  0.316411  82  0  0  0.143882
190  15.7342  0.316411  86  0  0  0.149571
190  15.7342  0.316411  90  0  0  0.155078
190  15.7342  0.316411  94  0  0  0.160396
190  15.7342  0.316411  98  0  0  0.165518
190  15.7342  0.316411  102  0  0  0.170438
190  15.7342  0.316411  106  0  0  0.175151
190  15.7342  0.316411  110  0  0  0.179651
190  15.7342  0.316411  114  0  0  0.183932
190  15.7342  0.316411  118  0  0  0.187988
190  15.7342  0.316411  122  0  0  0.191816
190  15.7342  0.316411  126  0  0  0.19541
190  15.7342  0.316411  130  0  0  0.198765
190  15.7342  0.316411  134  0  0  0.201879
190  15.7342  0.316411  138  0  0  0.204747
190  15.7342  0.316411  142  0  0  0.207365
190  15.7342  0.316411  146  0  0  0.20973
190  15.7342  0.316411  150  0  0  0.21184
190  15.7342  0.316411  154  0  0  0.213692
190  15.7342  0.316411  158  0  0  0.215284
190  15.7342  0.316411  162  0  0  0.216613
190  15.7342  0.316411  166  0  0  0.217679
190  15.7342  0.316411  170  0  0  0.218479
190  15.7342  0.316411  174  0  0  0.218479


200  14.6401  0.29942  2  0  0  0.00382754
200  14.6401  0.29942  6  0  0  0.011478
200  14.6401  0.29942  10  0  0  0.0191144
200  14.6401  0.29942  14  0  0  0.0267276
200  14.6401  0.29942  18  0  0  0.0343082
200  14.6401  0.29942  22  3  1.73205  0.0418469
200  14.6401  0.29942  26  15  3.87298  0.0493348
200  14.6401  0.29942  30  23  4.79583  0.0567625
200  14.6401  0.29942  34  28  5.2915  0.064121
200  14.6401  0.29942  38  30  5.47723  0.0714014
200  14.6401  0.29942  42  32  5.65685  0.0785948
200  14.6401  0.29942  46  10  3.16228  0.0856925
200  14.6401  0.29942  50  7  2.64575  0.0926858
200  14.6401  0.29942  54  1  1  0.0995661
200  14.6401  0.29942  58  0  0  0.106325
200  14.6401  0.29942  62  1  1  0.112955
200  14.6401  0.29942  66  0  0  0.119447
200  14.6401  0.29942  70  0  0  0.125793
200  14.6401  0.29942  74  0  0  0.131986
200  14.6401  0.29942  78  0  0  0.138018
200  14.6401  0.29942  82  1  1  0.143882
200  14.6401  0.29942  86  0  0  0.149571
200  14.6401  0.29942  90  0  0  0.155078
200  14.6401  0.29942  94  0  0  0.160396
200  14.6401  0.29942  98  0  0  0.165518
200  14.6401  0.29942  102  0  0  0.170438
200  14.6401  0.29942  106  0  0  0.175151
200  14.6401  0.29942  110  0  0  0.179651
200  14.6401  0.29942  114  0  0  0.183932
200  14.6401  0.29942  118  0  0  0.187988
200  14.6401  0.29942  122  0  0  0.191816
200  14.6401  0.29942  126  0  0  0.19541
200  14.6401  0.29942  130  0  0  0.198765
200  14.6401  0.29942  134  1  1  0.201879
200  14.6401  0.29942  138  1  1  0.204747
200  14.6401  0.29942  142  0  0  0.207365
200  14.6401  0.29942  146  0  0  0.20973
200  14.6401  0.29942  150  0  0  0.21184
200  14.6401  0.29942  154  0  0  0.213692
200  14.6401  0.29942  158  0  0  0.215284
200  14.6401  0.29942  162  0  0  0.216613
200  14.6401  0.29942  166  0  0  0.217679
200  14.6401  0.29942  170  0  0  0.218479
200  14.6401  0.29942  174  0  0  0.218479


210  13.548  0.308351  2  0  0  0.00382754
210  13.548  0.308351  6  0  0  0.011478
210  13.548  0.308351  10  0  0  0.0191144
210  13.548  0.308351  14  0  0  0.0267276
210  13.548  0.308351  18  0  0  0.0343082
210  13.548  0.308351  22  3  1.73205  0.0418469
210  13.548  0.308351  26  5  2.23607  0.0493348
210  13.548  0.308351  30  12  3.4641  0.0567625
210  13.548  0.308351  34  30  5.47723  0.064121
210  13.548  0.308351  38  24  4.89898  0.0714014
210  13.548  0.308351  42  21  4.58258  0.0785948
210  13.548  0.308351  46  14  3.74166  0.0856925
210  13.548  0.308351  50  5  2.23607  0.0926858
210  13.548  0.308351  54  1  1  0.0995661
210  13.548  0.308351  58  1  1  0.106325
210  13.548  0.308351  62  0  0  0.112955
210  13.548  0.308351  66  0  0  0.119447
210  13.548  0.308351  70  0  0  0.125793
210  13.548  0.308351  74  0  0  0.131986
210  13.548  0.308351  78  0  0  0.138018
210  13.548  0.308351  82  0  0  0.143882
210  13.548  0.308351  86  1  1  0.149571
210  13.548  0.308351  90  0  0  0.155078
210  13.548  0.308351  94  0  0  0.160396
210  13.548  0.308351  98  0  0  0.165518
210  13.548  0.308351  102  0  0  0.170438
210  13.548  0.308351  106  0  0  0.175151
210  13.548  0.308351  110  0  0  0.179651
210  13.548  0.308351  114  0  0  0.183932
210  13.548  0.308351  118  0  0  0.187988
210  13.548  0.308351  122  0  0  0.191816
210  13.548  0.308351  126  0  0  0.19541
210  13.548  0.308351  130  0  0  0.198765
210  13.548  0.308351  134  0  0  0.201879
210  13.548  0.308351  138  0  0  0.204747
210  13.548  0.308351  142  0  0  0.207365
210  13.548  0.308351  146  2  1.41421  0.20973
210  13.548  0.308351  150  0  0  0.21184
210  13.548  0.308351  154  0  0  0.213692
210  13.548  0.308351  158  0  0  0.215284
210  13.548  0.308351  162  0  0  0.216613
210  13.548  0.308351  166  0  0  0.217679
210  13.548  0.308351  170  0  0  0.218479
210  13.548  0.308351  174  0  0  0.218479


220  12.5509  0.284413  2  0  0  0.00382754
220  12.5509  0.284413  6  0  0  0.011478
220  12.5509  0.284413  10  0  0  0.0191144
220  12.5509  0.284413  14  0  0  0.0267276
220  12.5509  0.284413  18  0  0  0.0343082
220  12.5509  0.284413  22  3  1.73205  0.0418469
220  12.5509  0.284413  26  16  4  0.0493348
220  12.5509  0.284413  30  21  4.58258  0.0567625
220  12.5509  0.284413  34  19  4.3589  0.064121
220  12.5509  0.284413  38  19  4.3589  0.0714014
220  12.5509  0.284413  42  18  4.24264  0.0785948
220  12.5509  0.284413  46  10  3.16228  0.0856925
220  12.5509  0.284413  50  1  1  0.0926858
220  12.5509  0.284413  54  0  0  0.0995661
220  12.5509  0.284413  58  1  1  0.106325
220  12.5509  0.284413  62  0  0  0.112955
220  12.5509  0.284413  66  1  1  0.119447
220  12.5509  0.284413  70  0  0  0.125793
220  12.5509  0.284413  74  0  0  0.131986
220  12.5509  0.284413  78  0  0  0.138018
220  12.5509  0.284413  82  0  0  0.143882
220  12.5509  0.284413  86  0  0  0.149571
220  12.5509  0.284413  90  0  0  0.155078
220  12.5509  0.284413  94  0  0  0.160396
220  12.5509  0.284413  98  0  0  0.165518
220  12.5509  0.284413  102  0  0  0.170438
220  12.5509  0.284413  106  0  0  0.175151
220  12.5509  0.284413  110  1  1  0.179651
220  12.5509  0.284413  114  0  0  0.183932
220  12.5509  0.284413  118  0  0  0.187988
220  12.5509  0.284413  122  0  0  0.191816
220  12.5509  0.284413  126  0  0  0.19541
220  12.5509  0.284413  130  0  0  0.198765
220  12.5509  0.284413  134  0  0  0.201879
220  12.5509  0.284413  138  0  0  0.204747
220  12.5509  0.284413  142  0  0  0.207365
220  12.5509  0.284413  146  0  0  0.20973
220  12.5509  0.284413  150  1  1  0.21184
220  12.5509  0.284413  154  0  0  0.213692
220  12.5509  0.284413  158  0  0  0.215284
220  12.5509  0.284413  162  0  0  0.216613
220  12.5509  0.284413  166  0  0  0.217679
220  12.5509  0.284413  170  0  0  0.218479
220  12.5509  0.284413  174  0  0  0.218479


230  11.5451  0.291866  2  0  0  0.00382754
230  11.5451  0.291866  6  0  0  0.011478
230  11.5451  0.291866  10  0  0  0.0191144
230  11.5451  0.291866  14  0  0  0.0267276
230  11.5451  0.291866  18  0  0  0.0343082
230  11.5451  0.291866  22  1  1  0.0418469
230  11.5451  0.291866  26  6  2.44949  0.0493348
230  11.5451  0.291866  30  22  4.69042  0.0567625
230  11.5451  0.291866  34  27  5.19615  0.064121
230  11.5451  0.291866  38  16  4  0.0714014
230  11.5451  0.291866  42  14  3.74166  0.0785948
230  11.5451  0.291866  46  8  2.82843  0.0856925
230  11.5451  0.291866  50  1  1  0.0926858
230  11.5451  0.291866  54  1  1  0.0995661
230  11.5451  0.291866  58  1  1  0.106325
230  11.5451  0.291866  62  0  0  0.112955
230  11.5451  0.291866  66  0  0  0.119447
230  11.5451  0.291866  70  1  1  0.125793
230  11.5451  0.291866  74  0  0  0.131986
230  11.5451  0.291866  78  0  0  0.138018
230  11.5451  0.291866  82  1  1  0.143882
230  11.5451  0.291866  86  0  0  0.149571
230  11.5451  0.291866  90  0  0  0.155078
230  11.5451  0.291866  94  0  0  0.160396
230  11.5451  0.291866  98  0  0  0.165518
230  11.5451  0.291866  102  0  0  0.170438
230  11.5451  0.291866  106  0  0  0.175151
230  11.5451  0.291866  110  0  0  0.179651
230  11.5451  0.291866  114  0  0  0.183932
230  11.5451  0.291866  118  0  0  0.187988
230  11.5451  0.291866  122  0  0  0.191816
230  11.5451  0.291866  126  0  0  0.19541
230  11.5451  0.291866  130  0  0  0.198765
230  11.5451  0.291866  134  1  1  0.201879
230  11.5451  0.291866  138  0  0  0.204747
230  11.5451  0.291866  142  0  0  0.207365
230  11.5451  0.291866  146  1  1  0.20973
230  11.5451  0.291866  150  0  0  0.21184
230  11.5451  0.291866  154  0  0  0.213692
230  11.5451  0.291866  158  0  0  0.215284
230  11.5451  0.291866  162  0  0  0.216613
230  11.5451  0.291866  166  0  0  0.217679
230  11.5451  0.291866  170  0  0  0.218479
230  11.5451  0.291866  174  0  0  0.218479


240  10.5697  0.288579  2  0  0  0.00382754
240  10.5697  0.288579  6  0  0  0.011478
240  10.5697  0.288579  10  0  0  0.0191144
240  10.5697  0.288579  14  0  0  0.0267276
240  10.5697  0.288579  18  0  0  0.0343082
240  10.5697  0.288579  22  0  0  0.0418469
240  10.5697  0.288579  26  5  2.23607  0.0493348
240  10.5697  0.288579  30  14  3.74166  0.0567625
240  10.5697  0.288579  34  17  4.12311  0.064121
240  10.5697  0.288579  38  16  4  0.0714014
240  10.5697  0.288579  42  9  3  0.0785948
240  10.5697  0.288579  46  6  2.44949  0.0856925
240  10.5697  0.288579  50  1  1  0.0926858
240  10.5697  0.288579  54  1  1  0.0995661
240  10.5697  0.288579  58  0  0  0.106325
240  10.5697  0.288579  62  0  0  0.112955
240  10.5697  0.288579  66  0  0  0.119447
240  10.5697  0.288579  70  0  0  0.125793
240  10.5697  0.288579  74  0  0  0.131986
240  10.5697  0.288579  78  0  0  0.138018
240  10.5697  0.288579  82  1  1  0.143882
240  10.5697  0.288579  86  1  1  0.149571
240  10.5697  0.288579  90  1  1  0.155078
240  10.5697  0.288579  94  0  0  0.160396
240  10.5697  0.288579  98  0  0  0.165518
240  10.5697  0.288579  102  0  0  0.170438
240  10.5697  0.288579  106  0  0  0.175151
240  10.5697  0.288579  110  0  0  0.179651
240  10.5697  0.288579  114  0  0  0.183932
240  10.5697  0.288579  118  0  0  0.187988
240  10.5697  0.288579  122  0  0  0.191816
240  10.5697  0.288579  126  0  0  0.19541
240  10.5697  0.288579  130  0  0  0.198765
240  10.5697  0.288579  134  1  1  0.201879
240  10.5697  0.288579  138  0  0  0.204747
240  10.5697  0.288579  142  0  0  0.207365
240  10.5697  0.288579  146  0  0  0.20973
240  10.5697  0.288579  150  0  0  0.21184
240  10.5697  0.288579  154  0  0  0.213692
240  10.5697  0.288579  158  0  0  0.215284
240  10.5697  0.288579  162  0  0  0.216613
240  10.5697  0.288579  166  0  0  0.217679
240  10.5697  0.288579  170  0  0  0.218479
240  10.5697  0.288579  174  0  0  0.218479


250  9.55578  0.280603  2  0  0  0.00382754
250  9.55578  0.280603  6  0  0  0.011478
250  9.55578  0.280603  10  0  0  0.0191144
250  9.55578  0.280603  14  0  0  0.0267276
250  9.55578  0.280603  18  0  0  0.0343082
250  9.55578  0.280603  22  0  0  0.0418469
250  9.55578  0.280603  26  6  2.44949  0.0493348
250  9.55578  0.280603  30  8  2.82843  0.0567625
250  9.55578  0.280603  34  1  1  0.064121
250  9.55578  0.280603  38  12  3.4641  0.0714014
250  9.55578  0.280603  42  8  2.82843  0.0785948
250  9.55578  0.280603  46  0  0  0.0856925
250  9.55578  0.280603  50  1  1  0.0926858
250  9.55578  0.280603  54  1  1  0.0995661
250  9.55578  0.280603  58  2  1.41421  0.106325
250  9.55578  0.280603  62  0  0  0.112955
250  9.55578  0.280603  66  0  0  0.119447
250  9.55578  0.280603  70  0  0  0.125793
250  9.55578  0.280603  74  0  0  0.131986
250  9.55578  0.280603  78  0  0  0.138018
250  9.55578  0.280603  82  1  1  0.143882
250  9.55578  0.280603  86  1  1  0.149571
250  9.55578  0.280603  90  0  0  0.155078
250  9.55578  0.280603  94  1  1  0.160396
250  9.55578  0.280603  98  0  0  0.165518
250  9.55578  0.280603  102  0  0  0.170438
250  9.55578  0.280603  106  0  0  0.175151
250  9.55578  0.280603  110  0  0  0.179651
250  9.55578  0.280603  114  0  0  0.183932
250  9.55578  0.280603  118  0  0  0.187988
250  9.55578  0.280603  122  0  0  0.191816
250  9.55578  0.280603  126  0  0  0.19541
250  9.55578  0.280603  130  0  0  0.198765
250  9.55578  0.280603  134  0  0  0.201879
250  9.55578  0.280603  138  1  1  0.204747
250  9.55578  0.280603  142  0  0  0.207365
250  9.55578  0.280603  146  0  0  0.20973
250  9.55578  0.280603  150  0  0  0.21184
250  9.55578  0.280603  154  1  1  0.213692
250  9.55578  0.280603  158  2  1.41421  0.215284
250  9.55578  0.280603  162  0  0  0.216613
250  9.55578  0.280603  166  0  0  0.217679
250  9.55578  0.280603  170  0  0  0.218479
250  9.55578  0.280603  174  1  1  0.218479


260  8.60035  0.26226  2  0  0  0.00382754
260  8.60035  0.26226  6  0  0  0.011478
260  8.60035  0.26226  10  0  0  0.0191144
260  8.60035  0.26226  14  0  0  0.0267276
260  8.60035  0.26226  18  0  0  0.0343082
260  8.60035  0.26226  22  0  0  0.0418469
260  8.60035  0.26226  26  2  1.41421  0.0493348
260  8.60035  0.26226  30  10  3.16228  0.0567625
260  8.60035  0.26226  34  18  4.24264  0.064121
260  8.60035  0.26226  38  9  3  0.0714014
260  8.60035  0.26226  42  2  1.41421  0.0785948
260  8.60035  0.26226  46  1  1  0.0856925
260  8.60035  0.26226  50  0  0  0.0926858
260  8.60035  0.26226  54  0  0  0.0995661
260  8.60035  0.26226  58  0  0  0.106325
260  8.60035  0.26226  62  0  0  0.112955
260  8.60035  0.26226  66  0  0  0.119447
260  8.60035  0.26226  70  0  0  0.125793
260  8.60035  0.26226  74  0  0  0.131986
260  8.60035  0.26226  78  0  0  0.138018
260  8.60035  0.26226  82  0  0  0.143882
260  8.60035  0.26226  86  0  0  0.149571
260  8.60035  0.26226  90  0  0  0.155078
260  8.60035  0.26226  94  0  0  0.160396
260  8.60035  0.26226  98  0  0  0.165518
260  8.60035  0.26226  102  0  0  0.170438
260  8.60035  0.26226  106  0  0  0.175151
260  8.60035  0.26226  110  0  0  0.179651
260  8.60035  0.26226  114  0  0  0.183932
260  8.60035  0.26226  118  1  1  0.187988
260  8.60035  0.26226  122  0  0  0.191816
260  8.60035  0.26226  126  0  0  0.19541
260  8.60035  0.26226  130  0  0  0.198765
260  8.60035  0.26226  134  0  0  0.201879
260  8.60035  0.26226  138  0  0  0.204747
260  8.60035  0.26226  142  1  1  0.207365
260  8.60035  0.26226  146  0  0  0.20973
260  8.60035  0.26226  150  0  0  0.21184
260  8.60035  0.26226  154  0  0  0.213692
260  8.60035  0.26226  158  0  0  0.215284
260  8.60035  0.26226  162  0  0  0.216613
260  8.60035  0.26226  166  0  0  0.217679
260  8.60035  0.26226  170  0  0  0.218479
260  8.60035  0.26226  174  0  0  0.218479


270  7.68525  0.267816  2  0  0  0.00382754
270  7.68525  0.267816  6  0  0  0.011478
270  7.68525  0.267816  10  0  0  0.0191144
270  7.68525  0.267816  14  0  0  0.0267276
270  7.68525  0.267816  18  0  0  0.0343082
270  7.68525  0.267816  22  0  0  0.0418469
270  7.68525  0.267816  26  5  2.23607  0.0493348
270  7.68525  0.267816  30  6  2.44949  0.0567625
270  7.68525  0.267816  34  4  2  0.064121
270  7.68525  0.267816  38  3  1.73205  0.0714014
270  7.68525  0.267816  42  1  1  0.0785948
270  7.68525  0.267816  46  1  1  0.0856925
270  7.68525  0.267816  50  0  0  0.0926858
270  7.68525  0.267816  54  0  0  0.0995661
270  7.68525  0.267816  58  2  1.41421  0.106325
270  7.68525  0.267816  62  0  0  0.112955
270  7.68525  0.267816  66  0  0  0.119447
270  7.68525  0.267816  70  0  0  0.125793
270  7.68525  0.267816  74  0  0  0.131986
270  7.68525  0.267816  78  0  0  0.138018
270  7.68525  0.267816  82  0  0  0.143882
270  7.68525  0.267816  86  0  0  0.149571
270  7.68525  0.267816  90  0  0  0.155078
270  7.68525  0.267816  94  0  0  0.160396
270  7.68525  0.267816  98  0  0  0.165518
270  7.68525  0.267816  102  2  1.41421  0.170438
270  7.68525  0.267816  106  1  1  0.175151
270  7.68525  0.267816  110  0  0  0.179651
270  7.68525  0.267816  114  0  0  0.183932
270  7.68525  0.267816  118  0  0  0.187988
270  7.68525  0.267816  122  0  0  0.191816
270  7.68525  0.267816  126  0  0  0.19541
270  7.68525  0.267816  130  0  0  0.198765
270  7.68525  0.267816  134  0  0  0.201879
270  7.68525  0.267816  138  0  0  0.204747
270  7.68525  0.267816  142  1  1  0.207365
270  7.68525  0.267816  146  0  0  0.20973
270  7.68525  0.267816  150  1  1  0.21184
270  7.68525  0.267816  154  0  0  0.213692
270  7.68525  0.267816  158  1  1  0.215284
270  7.68525  0.267816  162  0  0  0.216613
270  7.68525  0.267816  166  0  0  0.217679
270  7.68525  0.267816  170  0  0  0.218479
270  7.68525  0.267816  174  0  0  0.218479


280  6.74368  0.272674  2  0  0  0.00382754
280  6.74368  0.272674  6  0  0  0.011478
280  6.74368  0.272674  10  0  0  0.0191144
280  6.74368  0.272674  14  0  0  0.0267276
280  6.74368  0.272674  18  0  0  0.0343082
280  6.74368  0.272674  22  0  0  0.0418469
280  6.74368  0.272674  26  3  1.73205  0.0493348
280  6.74368  0.272674  30  4  2  0.0567625
280  6.74368  0.272674  34  4  2  0.064121
280  6.74368  0.272674  38  3  1.73205  0.0714014
280  6.74368  0.272674  42  3  1.73205  0.0785948
280  6.74368  0.272674  46  1  1  0.0856925
280  6.74368  0.272674  50  1  1  0.0926858
280  6.74368  0.272674  54  0  0  0.0995661
280  6.74368  0.272674  58  0  0  0.106325
280  6.74368  0.272674  62  1  1  0.112955
280  6.74368  0.272674  66  1  1  0.119447
280  6.74368  0.272674  70  0  0  0.125793
280  6.74368  0.272674  74  0  0  0.131986
280  6.74368  0.272674  78  1  1  0.138018
280  6.74368  0.272674  82  0  0  0.143882
280  6.74368  0.272674  86  0  0  0.149571
280  6.74368  0.272674  90  2  1.41421  0.155078
280  6.74368  0.272674  94  0  0  0.160396
280  6.74368  0.272674  98  0  0  0.165518
280  6.74368  0.272674  102  0  0  0.170438
280  6.74368  0.272674  106  0  0  0.175151
280  6.74368  0.272674  110  1  1  0.179651
280  6.74368  0.272674  114  0  0  0.183932
280  6.74368  0.272674  118  0  0  0.187988
280  6.74368  0.272674  122  0  0  0.191816
280  6.74368  0.272674  126  0  0  0.19541
280  6.74368  0.272674  130  0  0  0.198765
280  6.74368  0.272674  134  0  0  0.201879
280  6.74368  0.272674  138  0  0  0.204747
280  6.74368  0.272674  142  1  1  0.207365
280  6.74368  0.272674  146  0  0  0.20973
280  6.74368  0.272674  150  0  0  0.21184
280  6.74368  0.272674  154  0  0  0.213692
280  6.74368  0.272674  158  0  0  0.215284
280  6.74368  0.272674  162  0  0  0.216613
280  6.74368  0.272674  166  0  0  0.217679
280  6.74368  0.272674  170  0  0  0.218479
280  6.74368  0.272674  174  0  0  0.218479


290  5.83441  0.277735  2  0  0  0.00382754
290  5.83441  0.277735  6  0  0  0.011478
290  5.83441  0.277735  10  0  0  0.0191144
290  5.83441  0.277735  14  0  0  0.0267276
290  5.83441  0.277735  18  0  0  0.0343082
290  5.83441  0.277735  22  0  0  0.0418469
290  5.83441  0.277735  26  2  1.41421  0.0493348
290  5.83441  0.277735  30  1  1  0.0567625
290  5.83441  0.277735  34  3  1.73205  0.064121
290  5.83441  0.277735  38  2  1.41421  0.0714014
290  5.83441  0.277735  42  1  1  0.0785948
290  5.83441  0.277735  46  0  0  0.0856925
290  5.83441  0.277735  50  1  1  0.0926858
290  5.83441  0.277735  54  1  1  0.0995661
290  5.83441  0.277735  58  0  0  0.106325
290  5.83441  0.277735  62  0  0  0.112955
290  5.83441  0.277735  66  0  0  0.119447
290  5.83441  0.277735  70  0  0  0.125793
290  5.83441  0.277735  74  0  0  0.131986
290  5.83441  0.277735  78  0  0  0.138018
290  5.83441  0.277735  82  0  0  0.143882
290  5.83441  0.277735  86  0  0  0.149571
290  5.83441  0.277735  90  0  0  0.155078
290  5.83441  0.277735  94  0  0  0.160396
290  5.83441  0.277735  98  0  0  0.165518
290  5.83441  0.277735  102  0  0  0.170438
290  5.83441  0.277735  106  0  0  0.175151
290  5.83441  0.277735  110  0  0  0.179651
290  5.83441  0.277735  114  0  0  0.183932
290  5.83441  0.277735  118  0  0  0.187988
290  5.83441  0.277735  122  0  0  0.191816
290  5.83441  0.277735  126  0  0  0.19541
290  5.83441  0.277735  130  1  1  0.198765
290  5.83441  0.277735  134  1  1  0.201879
290  5.83441  0.277735  138  0  0  0.204747
290  5.83441  0.277735  142  0  0  0.207365
290  5.83441  0.277735  146  0  0  0.20973
290  5.83441  0.277735  150  0  0  0.21184
290  5.83441  0.277735  154  0  0  0.213692
290  5.83441  0.277735  158  0  0  0.215284
290  5.83441  0.277735  162  0  0  0.216613
290  5.83441  0.277735  166  0  0  0.217679
290  5.83441  0.277735  170  0  0  0.218479
290  5.83441  0.277735  174  0  0  0.218479


300  4.94119  0.26386  2  0  0  0.00382754
300  4.94119  0.26386  6  0  0  0.011478
300  4.94119  0.26386  10  0  0  0.0191144
300  4.94119  0.26386  14  0  0  0.0267276
300  4.94119  0.26386  18  0  0  0.0343082
300  4.94119  0.26386  22  0  0  0.0418469
300  4.94119  0.26386  26  0  0  0.0493348
300  4.94119  0.26386  30  1  1  0.0567625
300  4.94119  0.26386  34  1  1  0.064121
300  4.94119  0.26386  38  3  1.73205  0.0714014
300  4.94119  0.26386  42  2  1.41421  0.0785948
300  4.94119  0.26386  46  0  0  0.0856925
300  4.94119  0.26386  50  0  0  0.0926858
300  4.94119  0.26386  54  0  0  0.0995661
300  4.94119  0.26386  58  1  1  0.106325
300  4.94119  0.26386  62  0  0  0.112955
300  4.94119  0.26386  66  0  0  0.119447
300  4.94119  0.26386  70  1  1  0.125793
300  4.94119  0.26386  74  0  0  0.131986
300  4.94119  0.26386  78  0  0  0.138018
300  4.94119  0.26386  82  0  0  0.143882
300  4.94119  0.26386  86  0  0  0.149571
300  4.94119  0.26386  90  0  0  0.155078
300  4.94119  0.26386  94  1  1  0.160396
300  4.94119  0.26386  98  0  0  0.165518
300  4.94119  0.26386  102  0  0  0.170438
300  4.94119  0.26386  106  0  0  0.175151
300  4.94119  0.26386  110  0  0  0.179651
300  4.94119  0.26386  114  0  0  0.183932
300  4.94119  0.26386  118  0  0  0.187988
300  4.94119  0.26386  122  0  0  0.191816
300  4.94119  0.26386  126  0  0  0.19541
300  4.94119  0.26386  130  0  0  0.198765
300  4.94119  0.26386  134  0  0  0.201879
300  4.94119  0.26386  138  1  1  0.204747
300  4.94119  0.26386  142  0  0  0.207365
300  4.94119  0.26386  146  1  1  0.20973
300  4.94119  0.26386  150  0  0  0.21184
300  4.94119  0.26386  154  1  1  0.213692
300  4.94119  0.26386  158  0  0  0.215284
300  4.94119  0.26386  162  0  0  0.216613
300  4.94119  0.26386  166  0  0  0.217679
300  4.94119  0.26386  170  0  0  0.218479
300  4.94119  0.26386  174  0  0  0.218479


310  4.10468  0.235362  2  0  0  0.00382754
310  4.10468  0.235362  6  0  0  0.011478
310  4.10468  0.235362  10  0  0  0.0191144
310  4.10468  0.235362  14  0  0  0.0267276
310  4.10468  0.235362  18  0  0  0.0343082
310  4.10468  0.235362  22  0  0  0.0418469
310  4.10468  0.235362  26  0  0  0.0493348
310  4.10468  0.235362  30  1  1  0.0567625
310  4.10468  0.235362  34  0  0  0.064121
310  4.10468  0.235362  38  2  1.41421  0.0714014
310  4.10468  0.235362  42  0  0  0.0785948
310  4.10468  0.235362  46  0  0  0.0856925
310  4.10468  0.235362  50  0  0  0.0926858
310  4.10468  0.235362  54  1  1  0.0995661
310  4.10468  0.235362  58  0  0  0.106325
310  4.10468  0.235362  62  0  0  0.112955
310  4.10468  0.235362  66  0  0  0.119447
310  4.10468  0.235362  70  0  0  0.125793
310  4.10468  0.235362  74  1  1  0.131986
310  4.10468  0.235362  78  1  1  0.138018
310  4.10468  0.235362  82  0  0  0.143882
310  4.10468  0.235362  86  2  1.41421  0.149571
310  4.10468  0.235362  90  0  0  0.155078
310  4.10468  0.235362  94  0  0  0.160396
310  4.10468  0.235362  98  0  0  0.165518
310  4.10468  0.235362  102  0  0  0.170438
310  4.10468  0.235362  106  0  0  0.175151
310  4.10468  0.235362  110  0  0  0.179651
310  4.10468  0.235362  114  0  0  0.183932
310  4.10468  0.235362  118  0  0  0.187988
310  4.10468  0.235362  122  0  0  0.191816
310  4.10468  0.235362  126  0  0  0.19541
310  4.10468  0.235362  130  0  0  0.198765
310  4.10468  0.235362  134  0  0  0.201879
310  4.10468  0.235362  138  0  0  0.204747
310  4.10468  0.235362  142  1  1  0.207365
310  4.10468  0.235362  146  0  0  0.20973
310  4.10468  0.235362  150  0  0  0.21184
310  4.10468  0.235362  154  0  0  0.213692
310  4.10468  0.235362  158  0  0  0.215284
310  4.10468  0.235362  162  0  0  0.216613
310  4.10468  0.235362  166  0  0  0.217679
310  4.10468  0.235362  170  1  1  0.218479
310  4.10468  0.235362  174  0  0  0.218479


320  3.1832  0.236704  2  0  0  0.00382754
320  3.1832  0.236704  6  0  0  0.011478
320  3.1832  0.236704  10  0  0  0.0191144
320  3.1832  0.236704  14  0  0  0.0267276
320  3.1832  0.236704  18  0  0  0.0343082
320  3.1832  0.236704  22  0  0  0.0418469
320  3.1832  0.236704  26  0  0  0.0493348
320  3.1832  0.236704  30  0  0  0.0567625
320  3.1832  0.236704  34  1  1  0.064121
320  3.1832  0.236704  38  0  0  0.0714014
320  3.1832  0.236704  42  0  0  0.0785948
320  3.1832  0.236704  46  1  1  0.0856925
320  3.1832  0.236704  50  1  1  0.0926858
320  3.1832  0.236704  54  0  0  0.0995661
320  3.1832  0.236704  58  0  0  0.106325
320  3.1832  0.236704  62  1  1  0.112955
320  3.1832  0.236704  66  0  0  0.119447
320  3.1832  0.236704  70  0  0  0.125793
320  3.1832  0.236704  74  0  0  0.131986
320  3.1832  0.236704  78  2  1.41421  0.138018
320  3.1832  0.236704  82  0  0  0.143882
320  3.1832  0.236704  86  0  0  0.149571
320  3.1832  0.236704  90  1  1  0.155078
320  3.1832  0.236704  94  0  0  0.160396
320  3.1832  0.236704  98  0  0  0.165518
320  3.1832  0.236704  102  0  0  0.170438
320  3.1832  0.236704  106  1  1  0.175151
320  3.1832  0.236704  110  0  0  0.179651
320  3.1832  0.236704  114  0  0  0.183932
320  3.1832  0.236704  118  0  0  0.187988
320  3.1832  0.236704  122  0  0  0.191816
320  3.1832  0.236704  126  0  0  0.19541
320  3.1832  0.236704  130  0  0  0.198765
320  3.1832  0.236704  134  0  0  0.201879
320  3.1832  0.236704  138  0  0  0.204747
320  3.1832  0.236704  142  0  0  0.207365
320  3.1832  0.236704  146  0  0  0.20973
320  3.1832  0.236704  150  2  1.41421  0.21184
320  3.1832  0.236704  154  0  0  0.213692
320  3.1832  0.236704  158  0  0  0.215284
320  3.1832  0.236704  162  0  0  0.216613
320  3.1832  0.236704  166  0  0  0.217679
320  3.1832  0.236704  170  0  0  0.218479
320  3.1832  0.236704  174  0  0  0.218479


330  2.314  0.217328  2  0  0  0.00382754
330  2.314  0.217328  6  0  0  0.011478
330  2.314  0.217328  10  0  0  0.0191144
330  2.314  0.217328  14  0  0  0.0267276
330  2.314  0.217328  18  0  0  0.0343082
330  2.314  0.217328  22  0  0  0.0418469
330  2.314  0.217328  26  0  0  0.0493348
330  2.314  0.217328  30  0  0  0.0567625
330  2.314  0.217328  34  0  0  0.064121
330  2.314  0.217328  38  1  1  0.0714014
330  2.314  0.217328  42  0  0  0.0785948
330  2.314  0.217328  46  0  0  0.0856925
330  2.314  0.217328  50  0  0  0.0926858
330  2.314  0.217328  54  1  1  0.0995661
330  2.314  0.217328  58  0  0  0.106325
330  2.314  0.217328  62  0  0  0.112955
330  2.314  0.217328  66  0  0  0.119447
330  2.314  0.217328  70  1  1  0.125793
330  2.314  0.217328  74  0  0  0.131986
330  2.314  0.217328  78  1  1  0.138018
330  2.314  0.217328  82  0  0  0.143882
330  2.314  0.217328  86  0  0  0.149571
330  2.314  0.217328  90  0  0  0.155078
330  2.314  0.217328  94  2  1.41421  0.160396
330  2.314  0.217328  98  0  0  0.165518
330  2.314  0.217328  102  0  0  0.170438
330  2.314  0.217328  106  0  0  0.175151
330  2.314  0.217328  110  0  0  0.179651
330  2.314  0.217328  114  0  0  0.183932
330  2.314  0.217328  118  0  0  0.187988
330  2.314  0.217328  122  0  0  0.191816
330  2.314  0.217328  126  0  0  0.19541
330  2.314  0.217328  130  0  0  0.198765
330  2.314  0.217328  134  0  0  0.201879
330  2.314  0.217328  138  0  0  0.204747
330  2.314  0.217328  142  0  0  0.207365
330  2.314  0.217328  146  0  0  0.20973
330  2.314  0.217328  150  0  0  0.21184
330  2.314  0.217328  154  0  0  0.213692
330  2.314  0.217328  158  0  0  0.215284
330  2.314  0.217328  162  1  1  0.216613
330  2.314  0.217328  166  0  0  0.217679
330  2.314  0.217328  170  0  0  0.218479
330  2.314  0.217328  174  0  0  0.218479


340  1.33501  0.271744  2  0  0  0.00382754
340  1.33501  0.271744  6  0  0  0.011478
340  1.33501  0.271744  10  0  0  0.0191144
340  1.33501  0.271744  14  0  0  0.0267276
340  1.33501  0.271744  18  0  0  0.0343082
340  1.33501  0.271744  22  0  0  0.0418469
340  1.33501  0.271744  26  0  0  0.0493348
340  1.33501  0.271744  30  0  0  0.0567625
340  1.33501  0.271744  34  0  0  0.064121
340  1.33501  0.271744  38  0  0  0.0714014
340  1.33501  0.271744  42  0  0  0.0785948
340  1.33501  0.271744  46  1  1  0.0856925
340  1.33501  0.271744  50  0  0  0.0926858
340  1.33501  0.271744  54  0  0  0.0995661
340  1.33501  0.271744  58  0  0  0.106325
340  1.33501  0.271744  62  0  0  0.112955
340  1.33501  0.271744  66  0  0  0.119447
340  1.33501  0.271744  70  1  1  0.125793
340  1.33501  0.271744  74  0  0  0.131986
340  1.33501  0.271744  78  0  0  0.138018
340  1.33501  0.271744  82  0  0  0.143882
340  1.33501  0.271744  86  0  0  0.149571
340  1.33501  0.271744  90  0  0  0.155078
340  1.33501  0.271744  94  0  0  0.160396
340  1.33501  0.271744  98  0  0  0.165518
340  1.33501  0.271744  102  0  0  0.170438
340  1.33501  0.271744  106  0  0  0.175151
340  1.33501  0.271744  110  0  0  0.179651
340  1.33501  0.271744  114  0  0  0.183932
340  1.33501  0.271744  118  0  0  0.187988
340  1.33501  0.271744  122  1  1  0.191816
340  1.33501  0.271744  126  0  0  0.19541
340  1.33501  0.271744  130  0  0  0.198765
340  1.33501  0.271744  134  0  0  0.201879
340  1.33501  0.271744  138  0  0  0.204747
340  1.33501  0.271744  142  0  0  0.207365
340  1.33501  0.271744  146  0  0  0.20973
340  1.33501  0.271744  150  0  0  0.21184
340  1.33501  0.271744  154  1  1  0.213692
340  1.33501  0.271744  158  0  0  0.215284
340  1.33501  0.271744  162  0  0  0.216613
340  1.33501  0.271744  166  0  0  0.217679
340  1.33501  0.271744  170  0  0  0.218479
340  1.33501  0.271744  174  0  0  0.218479


350  0.557968  0.242489  2  0  0  0.00382754
350  0.557968  0.242489  6  0  0  0.011478
350  0.557968  0.242489  10  0  0  0.0191144
350  0.557968  0.242489  14  0  0  0.0267276
350  0.557968  0.242489  18  0  0  0.0343082
350  0.557968  0.242489  22  0  0  0.0418469
350  0.557968  0.242489  26  0  0  0.0493348
350  0.557968  0.242489  30  0  0  0.0567625
350  0.557968  0.242489  34  0  0  0.064121
350  0.557968  0.242489  38  0  0  0.0714014
350  0.557968  0.242489  42  1  1  0.0785948
350  0.557968  0.242489  46  0  0  0.0856925
350  0.557968  0.242489  50  0  0  0.0926858
350  0.557968  0.242489  54  0  0  0.0995661
350  0.557968  0.242489  58  0  0  0.106325
350  0.557968  0.242489  62  0  0  0.112955
350  0.557968  0.242489  66  1  1  0.119447
350  0.557968  0.242489  70  0  0  0.125793
350  0.557968  0.242489  74  0  0  0.131986
350  0.557968  0.242489  78  1  1  0.138018
350  0.557968  0.242489  82  0  0  0.143882
350  0.557968  0.242489  86  0  0  0.149571
350  0.557968  0.242489  90  0  0  0.155078
350  0.557968  0.242489  94  0  0  0.160396
350  0.557968  0.242489  98  0  0  0.165518
350  0.557968  0.242489  102  0  0  0.170438
350  0.557968  0.242489  106  0  0  0.175151
350  0.557968  0.242489  110  0  0  0.179651
350  0.557968  0.242489  114  0  0  0.183932
350  0.557968  0.242489  118  0  0  0.187988
350  0.557968  0.242489  122  0  0  0.191816
350  0.557968  0.242489  126  0  0  0.19541
350  0.557968  0.242489  130  0  0  0.198765
350  0.557968  0.242489  134  0  0  0.201879
350  0.557968  0.242489  138  1  1  0.204747
350  0.557968  0.242489  142  0  0  0.207365
350  0.557968  0.242489  146  0  0  0.20973
350  0.557968  0.242489  150  1  1  0.21184
350  0.557968  0.242489  154  0  0  0.213692
350  0.557968  0.242489  158  0  0  0.215284
350  0.557968  0.242489  162  0  0  0.216613
350  0.557968  0.242489  166  0  0  0.217679
350  0.557968  0.242489  170  0  0  0.218479
350  0.557968  0.242489  174  0  0  0.218479


360  -0.170567  0.262679  2  0  0  0.00382754
360  -0.170567  0.262679  6  0  0  0.011478
360  -0.170567  0.262679  10  0  0  0.0191144
360  -0.170567  0.262679  14  0  0  0.0267276
360  -0.170567  0.262679  18  0  0  0.0343082
360  -0.170567  0.262679  22  0  0  0.0418469
360  -0.170567  0.262679  26  0  0  0.0493348
360  -0.170567  0.262679  30  0  0  0.0567625
360  -0.170567  0.262679  34  0  0  0.064121
360  -0.170567  0.262679  38  1  1  0.0714014
360  -0.170567  0.262679  42  0  0  0.0785948
360  -0.170567  0.262679  46  0  0  0.0856925
360  -0.170567  0.262679  50  1  1  0.0926858
360  -0.170567  0.262679  54  0  0  0.0995661
360  -0.170567  0.262679  58  1  1  0.106325
360  -0.170567  0.262679  62  0  0  0.112955
360  -0.170567  0.262679  66  0  0  0.119447
360  -0.170567  0.262679  70  0  0  0.125793
360  -0.170567  0.262679  74  0  0  0.131986
360  -0.170567  0.262679  78  0  0  0.138018
360  -0.170567  0.262679  82  1  1  0.143882
360  -0.170567  0.262679  86  0  0  0.149571
360  -0.170567  0.262679  90  0  0  0.155078
360  -0.170567  0.262679  94  0  0  0.160396
360  -0.170567  0.262679  98  0  0  0.165518
360  -0.170567  0.262679  102  0  0  0.170438
360  -0.170567  0.262679  106  0  0  0.175151
360  -0.170567  0.262679  110  0  0  0.179651
360  -0.170567  0.262679  114  0  0  0.183932
360  -0.170567  0.262679  118  0  0  0.187988
360  -0.170567  0.262679  122  0  0  0.191816
360  -0.170567  0.262679  126  0  0  0.19541
360  -0.170567  0.262679  130  0  0  0.198765
360  -0.170567  0.262679  134  0  0  0.201879
360  -0.170567  0.262679  138  0  0  0.204747
360  -0.170567  0.262679  142  0  0  0.207365
360  -0.170567  0.262679  146  0  0  0.20973
360  -0.170567  0.262679  150  0  0  0.21184
360  -0.170567  0.262679  154  0  0  0.213692
360  -0.170567  0.262679  158  0  0  0.215284
360  -0.170567  0.262679  162  0  0  0.216613
360  -0.170567  0.262679  166  0  0  0.217679
360  -0.170567  0.262679  170  0  0  0.218479
360  -0.170567  0.262679  174  0  0  0.218479


370  -1.02659  0.226477  2  0  0  0.00382754
370  -1.02659  0.226477  6  0  0  0.011478
370  -1.02659  0.226477  10  0  0  0.0191144
370  -1.02659  0.226477  14  0  0  0.0267276
370  -1.02659  0.226477  18  0  0  0.0343082
370  -1.02659  0.226477  22  0  0  0.0418469
370  -1.02659  0.226477  26  0  0  0.0493348
370  -1.02659  0.226477  30  0  0  0.0567625
370  -1.02659  0.226477  34  0  0  0.064121
370  -1.02659  0.226477  38  0  0  0.0714014
370  -1.02659  0.226477  42  0  0  0.0785948
370  -1.02659  0.226477  46  1  1  0.0856925
370  -1.02659  0.226477  50  3  1.73205  0.0926858
370  -1.02659  0.226477  54  0  0  0.0995661
370  -1.02659  0.226477  58  0  0  0.106325
370  -1.02659  0.226477  62  0  0  0.112955
370  -1.02659  0.226477  66  0  0  0.119447
370  -1.02659  0.226477  70  0  0  0.125793
370  -1.02659  0.226477  74  0  0  0.131986
370  -1.02659  0.226477  78  0  0  0.138018
370  -1.02659  0.226477  82  0  0  0.143882
370  -1.02659  0.226477  86  0  0  0.149571
370  -1.02659  0.226477  90  2  1.41421  0.155078
370  -1.02659  0.226477  94  1  1  0.160396
370  -1.02659  0.226477  98  0  0  0.165518
370  -1.02659  0.226477  102  0  0  0.170438
370  -1.02659  0.226477  106  0  0  0.175151
370  -1.02659  0.226477  110  0  0  0.179651
370  -1.02659  0.226477  114  0  0  0.183932
370  -1.02659  0.226477  118  1  1  0.187988
370  -1.02659  0.226477  122  0  0  0.191816
370  -1.02659  0.226477  126  0  0  0.19541
370  -1.02659  0.226477  130  0  0  0.198765
370  -1.02659  0.226477  134  0  0  0.201879
370  -1.02659  0.226477  138  0  0  0.204747
370  -1.02659  0.226477  142  0  0  0.207365
370  -1.02659  0.226477  146  0  0  0.20973
370  -1.02659  0.226477  150  0  0  0.21184
370  -1.02659  0.226477  154  1  1  0.213692
370  -1.02659  0.226477  158  0  0  0.215284
370  -1.02659  0.226477  162  0  0  0.216613
370  -1.02659  0.226477  166  0  0  0.217679
370  -1.02659  0.226477  170  0  0  0.218479
370  -1.02659  0.226477  174  0  0  0.218479


380  -1.89114  0.227482  2  0  0  0.00382754
380  -1.89114  0.227482  6  0  0  0.011478
380  -1.89114  0.227482  10  0  0  0.0191144
380  -1.89114  0.227482  14  0  0  0.0267276
380  -1.89114  0.227482  18  0  0  0.0343082
380  -1.89114  0.227482  22  0  0  0.0418469
380  -1.89114  0.227482  26  0  0  0.0493348
380  -1.89114  0.227482  30  0  0  0.0567625
380  -1.89114  0.227482  34  0  0  0.064121
380  -1.89114  0.227482  38  0  0  0.0714014
380  -1.89114  0.227482  42  0  0  0.0785948
380  -1.89114  0.227482  46  0  0  0.0856925
380  -1.89114  0.227482  50  0  0  0.0926858
380  -1.89114  0.227482  54  1  1  0.0995661
380  -1.89114  0.227482  58  0  0  0.106325
380  -1.89114  0.227482  62  0  0  0.112955
380  -1.89114  0.227482  66  0  0  0.119447
380  -1.89114  0.227482  70  0  0  0.125793
380  -1.89114  0.227482  74  0  0  0.131986
380  -1.89114  0.227482  78  0  0  0.138018
380  -1.89114  0.227482  82  0  0  0.143882
380  -1.89114  0.227482  86  0  0  0.149571
380  -1.89114  0.227482  90  1  1  0.155078
380  -1.89114  0.227482  94  0  0  0.160396
380  -1.89114  0.227482  98  0  0  0.165518
380  -1.89114  0.227482  102  0  0  0.170438
380  -1.89114  0.227482  106  0  0  0.175151
380  -1.89114  0.227482  110  0  0  0.179651
380  -1.89114  0.227482  114  0  0  0.183932
380  -1.89114  0.227482  118  0  0  0.187988
380  -1.89114  0.227482  122  0  0  0.191816
380  -1.89114  0.227482  126  0  0  0.19541
380  -1.89114  0.227482  130  0  0  0.198765
380  -1.89114  0.227482  134  0  0  0.201879
380  -1.89114  0.227482  138  0  0  0.204747
380  -1.89114  0.227482  142  0  0  0.207365
380  -1.89114  0.227482  146  1  1  0.20973
380  -1.89114  0.227482  150  0  0  0.21184
380  -1.89114  0.227482  154  0  0  0.213692
380  -1.89114  0.227482  158  0  0  0.215284
380  -1.89114  0.227482  162  0  0  0.216613
380  -1.89114  0.227482  166  0  0  0.217679
380  -1.89114  0.227482  170  0  0  0.218479
380  -1.89114  0.227482  174  0  0  0.218479


390  -2.69026  0.239846  2  0  0  0.00382754
390  -2.69026  0.239846  6  0  0  0.011478
390  -2.69026  0.239846  10  0  0  0.0191144
390  -2.69026  0.239846  14  0  0  0.0267276
390  -2.69026  0.239846  18  0  0  0.0343082
390  -2.69026  0.239846  22  0  0  0.0418469
390  -2.69026  0.239846  26  0  0  0.0493348
390  -2.69026  0.239846  30  0  0  0.0567625
390  -2.69026  0.239846  34  0  0  0.064121
390  -2.69026  0.239846  38  0  0  0.0714014
390  -2.69026  0.239846  42  0  0  0.0785948
390  -2.69026  0.239846  46  1  1  0.0856925
390  -2.69026  0.239846  50  0  0  0.0926858
390  -2.69026  0.239846  54  0  0  0.0995661
390  -2.69026  0.239846  58  0  0  0.106325
390  -2.69026  0.239846  62  0  0  0.112955
390  -2.69026  0.239846  66  0  0  0.119447
390  -2.69026  0.239846  70  0  0  0.125793
390  -2.69026  0.239846  74  1  1  0.131986
390  -2.69026  0.239846  78  0  0  0.138018
390  -2.69026  0.239846  82  0  0  0.143882
390  -2.69026  0.239846  86  1  1  0.149571
390  -2.69026  0.239846  90  0  0  0.155078
390  -2.69026  0.239846  94  0  0  0.160396
390  -2.69026  0.239846  98  0  0  0.165518
390  -2.69026  0.239846  102  0  0  0.170438
390  -2.69026  0.239846  106  1  1  0.175151
390  -2.69026  0.239846  110  0  0  0.179651
390  -2.69026  0.239846  114  0  0  0.183932
390  -2.69026  0.239846  118  0  0  0.187988
390  -2.69026  0.239846  122  0  0  0.191816
390  -2.69026  0.239846  126  0  0  0.19541
390  -2.69026  0.239846  130  0  0  0.198765
390  -2.69026  0.239846  134  0  0  0.201879
390  -2.69026  0.239846  138  1  1  0.204747
390  -2.69026  0.239846  142  0  0  0.207365
390  -2.69026  0.239846  146  0  0  0.20973
390  -2.69026  0.239846  150  0  0  0.21184
390  -2.69026  0.239846  154  0  0  0.213692
390  -2.69026  0.239846  158  0  0  0.215284
390  -2.69026  0.239846  162  0  0  0.216613
390  -2.69026  0.239846  166  0  0  0.217679
390  -2.69026  0.239846  170  0  0  0.218479
390  -2.69026  0.239846  174  0  0  0.218479
